0.35028,2.39,0.35028,2.137
0.35187,2.403,0.35187,2.14
0.35347,2.416,0.35347,2.143
0.35506,2.428,0.35506,2.146
0.35666,2.441,0.35666,2.149
0.35825,2.454,0.35825,2.152
0.35985,2.467,0.35985,2.155
0.36144,2.479,0.36144,2.157
0.36303,2.492,0.36303,2.16
0.36463,2.504,0.36463,2.162
0.36622,2.517,0.36622,2.164
0.36782,2.53,0.36782,2.166
0.36941,2.542,0.36941,2.168
0.37101,2.555,0.37101,2.17
0.3726,2.567,0.3726,2.172
0.37419,2.58,0.37419,2.174
0.37579,2.592,0.37579,2.176
0.37738,2.605,0.37738,2.177
0.37898,2.617,0.37898,2.179
0.38057,2.63,0.38057,2.18
0.38217,2.642,0.38217,2.182
0.38376,2.654,0.38376,2.183
0.38535,2.667,0.38535,2.184
0.38695,2.679,0.38695,2.185
0.38854,2.691,0.38854,2.186
0.39014,2.703,0.39014,2.187
0.39173,2.716,0.39173,2.188
0.39332,2.728,0.39332,2.189
0.39492,2.74,0.39492,2.189
0.39651,2.752,0.39651,2.19
0.39811,2.764,0.39811,2.19
0.3997,2.776,0.3997,2.191
0.4013,2.788,0.4013,2.191
0.40289,2.8,0.40289,2.191
0.40448,2.812,0.40448,2.191
0.40608,2.824,0.40608,2.191
0.40767,2.836,0.40767,2.191
0.40927,2.848,0.40927,2.191
0.41086,2.859,0.41086,2.191
0.41245,2.871,0.41245,2.191
0.41405,2.883,0.41405,2.19
0.41564,2.894,0.41564,2.19
0.41724,2.906,0.41724,2.189
0.41883,2.918,0.41883,2.189
0.42042,2.929,0.42042,2.188
0.42202,2.941,0.42202,2.187
0.42361,2.952,0.42361,2.187
0.42521,2.964,0.42521,2.186
0.4268,2.975,0.4268,2.185
0.42839,2.986,0.42839,2.184
0.42999,2.998,0.42999,2.183
0.43158,3.009,0.43158,2.182
0.43318,3.02,0.43318,2.18
0.43477,3.031,0.43477,2.179
0.43636,3.042,0.43636,2.178
0.43796,3.053,0.43796,2.176
0.43955,3.064,0.43955,2.175
0.44115,3.075,0.44115,2.173
0.44274,3.086,0.44274,2.172
0.44433,3.097,0.44433,2.17
0.44593,3.108,0.44593,2.168
0.44752,3.119,0.44752,2.167
0.44911,3.13,0.44911,2.165
0.45071,3.14,0.45071,2.163
0.4523,3.151,0.4523,2.161
0.4539,3.162,0.4539,2.159
0.45549,3.172,0.45549,2.157
0.45708,3.183,0.45708,2.155
0.45868,3.193,0.45868,2.153
0.46027,3.204,0.46027,2.15
0.46186,3.214,0.46186,2.148
0.46346,3.225,0.46346,2.146
0.46505,3.235,0.46505,2.143
0.46664,3.245,0.46664,2.141
0.46824,3.255,0.46824,2.138
0.46983,3.265,0.46983,2.136
0.47142,3.276,0.47142,2.133
0.47302,3.286,0.47302,2.13
0.47461,3.296,0.47461,2.128
0.4762,3.306,0.4762,2.125
0.4778,3.315,0.4778,2.122
0.47939,3.325,0.47939,2.119
0.48098,3.335,0.48098,2.116
0.48258,3.345,0.48258,2.113
0.48417,3.355,0.48417,2.11
0.48576,3.364,0.48576,2.107
0.48736,3.374,0.48736,2.104
0.48895,3.383,0.48895,2.101
0.49054,3.393,0.49054,2.097
0.49213,3.402,0.49213,2.094
0.49373,3.412,0.49373,2.091
0.49532,3.421,0.49532,2.088
0.49691,3.43,0.49691,2.084
0.49851,3.44,0.49851,2.081
0.5001,3.449,0.5001,2.077
0.50169,3.458,0.50169,2.074
0.50328,3.467,0.50328,2.07
0.50488,3.476,0.50488,2.067
0.50647,3.485,0.50647,2.063
0.50806,3.494,0.50806,2.059
0.50965,3.503,0.50965,2.056
0.51125,3.512,0.51125,2.052
0.51284,3.521,0.51284,2.048
0.51443,3.529,0.51443,2.044
0.51602,3.538,0.51602,2.04
0.51762,3.547,0.51762,2.037
0.51921,3.555,0.51921,2.033
0.5208,3.564,0.5208,2.029
0.52239,3.572,0.52239,2.025
0.52399,3.581,0.52399,2.021
0.52558,3.589,0.52558,2.017
0.52717,3.597,0.52717,2.013
0.52876,3.606,0.52876,2.008
0.53035,3.614,0.53035,2.004
0.53195,3.622,0.53195,2
0.53354,3.63,0.53354,1.996
0.53513,3.638,0.53513,1.992
0.53672,3.646,0.53672,1.987
0.53831,3.654,0.53831,1.983
0.53991,3.662,0.53991,1.979
0.5415,3.67,0.5415,1.974
0.54309,3.678,0.54309,1.97
0.54468,3.686,0.54468,1.966
0.54627,3.693,0.54627,1.961
0.54786,3.701,0.54786,1.957
0.54946,3.709,0.54946,1.952
0.55105,3.716,0.55105,1.948
0.55264,3.724,0.55264,1.943
0.55423,3.731,0.55423,1.939
0.55582,3.739,0.55582,1.934
0.55741,3.746,0.55741,1.93
0.559,3.754,0.559,1.925
0.5606,3.761,0.5606,1.92
0.56219,3.768,0.56219,1.916
0.56378,3.775,0.56378,1.911
0.56537,3.782,0.56537,1.906
0.56696,3.789,0.56696,1.901
0.56855,3.796,0.56855,1.897
0.57014,3.803,0.57014,1.892
0.57173,3.81,0.57173,1.887
0.57332,3.817,0.57332,1.882
0.57491,3.824,0.57491,1.878
0.5765,3.831,0.5765,1.873
0.5781,3.838,0.5781,1.868
0.57969,3.844,0.57969,1.863
0.58128,3.851,0.58128,1.858
0.58287,3.858,0.58287,1.853
0.58446,3.864,0.58446,1.848
0.58605,3.871,0.58605,1.843
0.58764,3.877,0.58764,1.838
0.58923,3.884,0.58923,1.833
0.59082,3.89,0.59082,1.828
0.59241,3.896,0.59241,1.823
0.594,3.903,0.594,1.818
0.59559,3.909,0.59559,1.813
0.59718,3.915,0.59718,1.808
0.59877,3.921,0.59877,1.803
0.60036,3.927,0.60036,1.798
0.60195,3.933,0.60195,1.793
0.60354,3.939,0.60354,1.788
0.60513,3.945,0.60513,1.783
0.60672,3.951,0.60672,1.778
0.60831,3.957,0.60831,1.773
0.6099,3.963,0.6099,1.768
0.61148,3.969,0.61148,1.763
0.61307,3.974,0.61307,1.757
0.61466,3.98,0.61466,1.752
0.61625,3.986,0.61625,1.747
0.61784,3.991,0.61784,1.742
0.61943,3.997,0.61943,1.737
0.62102,4.002,0.62102,1.732
0.62261,4.008,0.62261,1.726
0.6242,4.013,0.6242,1.721
0.62579,4.019,0.62579,1.716
0.62738,4.024,0.62738,1.711
0.62896,4.029,0.62896,1.706
0.63055,4.034,0.63055,1.7
0.63214,4.04,0.63214,1.695
0.63373,4.045,0.63373,1.69
0.63532,4.05,0.63532,1.685
0.63691,4.055,0.63691,1.679
0.63849,4.06,0.63849,1.674
0.64008,4.065,0.64008,1.669
0.64167,4.07,0.64167,1.664
0.64326,4.075,0.64326,1.658
0.64485,4.08,0.64485,1.653
0.64643,4.085,0.64643,1.648
0.64802,4.089,0.64802,1.642
0.64961,4.094,0.64961,1.637
0.6512,4.099,0.6512,1.632
0.65279,4.103,0.65279,1.627
0.65437,4.108,0.65437,1.621
0.65596,4.113,0.65596,1.616
0.65755,4.117,0.65755,1.611
0.65914,4.122,0.65914,1.605
0.66072,4.126,0.66072,1.6
0.66231,4.131,0.66231,1.595
0.6639,4.135,0.6639,1.59
0.66548,4.139,0.66548,1.584
0.66707,4.144,0.66707,1.579
0.66866,4.148,0.66866,1.574
0.67024,4.152,0.67024,1.568
0.67183,4.156,0.67183,1.563
0.67342,4.161,0.67342,1.558
0.675,4.165,0.675,1.552
0.67659,4.169,0.67659,1.547
0.67818,4.173,0.67818,1.542
0.67976,4.177,0.67976,1.537
0.68135,4.181,0.68135,1.531
0.68294,4.185,0.68294,1.526
0.68452,4.189,0.68452,1.521
0.68611,4.193,0.68611,1.515
0.68769,4.196,0.68769,1.51
0.68928,4.2,0.68928,1.505
0.69087,4.204,0.69087,1.499
0.69245,4.208,0.69245,1.494
0.69404,4.211,0.69404,1.489
0.69562,4.215,0.69562,1.484
0.69721,4.219,0.69721,1.478
0.69879,4.222,0.69879,1.473
0.70038,4.226,0.70038,1.468
0.70196,4.229,0.70196,1.463
0.70355,4.233,0.70355,1.457
0.70513,4.236,0.70513,1.452
0.70672,4.24,0.70672,1.447
0.7083,4.243,0.7083,1.442
0.70989,4.246,0.70989,1.436
0.71147,4.25,0.71147,1.431
0.71306,4.253,0.71306,1.426
0.71464,4.256,0.71464,1.421
0.71623,4.259,0.71623,1.415
0.71781,4.263,0.71781,1.41
0.71939,4.266,0.71939,1.405
0.72098,4.269,0.72098,1.4
0.72256,4.272,0.72256,1.394
0.72415,4.275,0.72415,1.389
0.72573,4.278,0.72573,1.384
0.72731,4.281,0.72731,1.379
0.7289,4.284,0.7289,1.374
0.73048,4.287,0.73048,1.368
0.73207,4.29,0.73207,1.363
0.73365,4.293,0.73365,1.358
0.73523,4.295,0.73523,1.353
0.73681,4.298,0.73681,1.348
0.7384,4.301,0.7384,1.343
0.73998,4.304,0.73998,1.338
0.74156,4.306,0.74156,1.332
0.74315,4.309,0.74315,1.327
0.74473,4.312,0.74473,1.322
0.74631,4.314,0.74631,1.317
0.74789,4.317,0.74789,1.312
0.74948,4.32,0.74948,1.307
0.75106,4.322,0.75106,1.302
0.75264,4.325,0.75264,1.297
0.75422,4.327,0.75422,1.292
0.75581,4.33,0.75581,1.286
0.75739,4.332,0.75739,1.281
0.75897,4.334,0.75897,1.276
0.76055,4.337,0.76055,1.271
0.76213,4.339,0.76213,1.266
0.76371,4.341,0.76371,1.261
0.7653,4.344,0.7653,1.256
0.76688,4.346,0.76688,1.251
0.76846,4.348,0.76846,1.246
0.77004,4.35,0.77004,1.241
0.77162,4.353,0.77162,1.236
0.7732,4.355,0.7732,1.231
0.77478,4.357,0.77478,1.226
0.77636,4.359,0.77636,1.221
0.77794,4.361,0.77794,1.216
0.77952,4.363,0.77952,1.211
0.7811,4.365,0.7811,1.206
0.78269,4.367,0.78269,1.202
0.78427,4.369,0.78427,1.197
0.78585,4.371,0.78585,1.192
0.78743,4.373,0.78743,1.187
0.78901,4.375,0.78901,1.182
0.79059,4.377,0.79059,1.177
0.79216,4.379,0.79216,1.172
0.79374,4.38,0.79374,1.167
0.79532,4.382,0.79532,1.162
0.7969,4.384,0.7969,1.158
0.79848,4.386,0.79848,1.153
0.80006,4.387,0.80006,1.148
0.80164,4.389,0.80164,1.143
0.80322,4.391,0.80322,1.138
0.8048,4.392,0.8048,1.133
0.80638,4.394,0.80638,1.129
0.80796,4.396,0.80796,1.124
0.80953,4.397,0.80953,1.119
0.81111,4.399,0.81111,1.114
0.81269,4.4,0.81269,1.11
0.81427,4.402,0.81427,1.105
0.81585,4.403,0.81585,1.1
0.81742,4.405,0.81742,1.095
0.819,4.406,0.819,1.091
0.82058,4.408,0.82058,1.086
0.82216,4.409,0.82216,1.081
0.82373,4.411,0.82373,1.077
0.82531,4.412,0.82531,1.072
0.82689,4.413,0.82689,1.067
0.82847,4.415,0.82847,1.063
0.83004,4.416,0.83004,1.058
0.83162,4.417,0.83162,1.053
0.8332,4.418,0.8332,1.049
0.83477,4.42,0.83477,1.044
0.83635,4.421,0.83635,1.04
0.83793,4.422,0.83793,1.035
0.8395,4.423,0.8395,1.031
0.84108,4.424,0.84108,1.026
0.84266,4.426,0.84266,1.021
0.84423,4.427,0.84423,1.017
0.84581,4.428,0.84581,1.012
0.84738,4.429,0.84738,1.008
0.84896,4.43,0.84896,1.003
0.85053,4.431,0.85053,0.999
0.85211,4.432,0.85211,0.994
0.85368,4.433,0.85368,0.99
0.85526,4.434,0.85526,0.985
0.85683,4.435,0.85683,0.981
0.85841,4.436,0.85841,0.977
0.85998,4.437,0.85998,0.972
0.86156,4.438,0.86156,0.968
0.86313,4.439,0.86313,0.963
0.86471,4.44,0.86471,0.959
0.86628,4.44,0.86628,0.955
0.86785,4.441,0.86785,0.95
0.86943,4.442,0.86943,0.946
0.871,4.443,0.871,0.941
0.87258,4.444,0.87258,0.937
0.87415,4.444,0.87415,0.933
0.87572,4.445,0.87572,0.928
0.8773,4.446,0.8773,0.924
0.87887,4.447,0.87887,0.92
0.88044,4.447,0.88044,0.916
0.88202,4.448,0.88202,0.911
0.88359,4.449,0.88359,0.907
0.88516,4.449,0.88516,0.903
0.88673,4.45,0.88673,0.899
0.88831,4.451,0.88831,0.894
0.88988,4.451,0.88988,0.89
0.89145,4.452,0.89145,0.886
0.89302,4.452,0.89302,0.882
0.89459,4.453,0.89459,0.878
0.89617,4.453,0.89617,0.873
0.89774,4.454,0.89774,0.869
0.89931,4.454,0.89931,0.865
0.90088,4.455,0.90088,0.861
0.90245,4.455,0.90245,0.857
0.90402,4.456,0.90402,0.853
0.90559,4.456,0.90559,0.849
0.90716,4.457,0.90716,0.845
0.90874,4.457,0.90874,0.84
0.91031,4.457,0.91031,0.836
0.91188,4.458,0.91188,0.832
0.91345,4.458,0.91345,0.828
0.91502,4.459,0.91502,0.824
0.91659,4.459,0.91659,0.82
0.91816,4.459,0.91816,0.816
0.91973,4.459,0.91973,0.812
0.9213,4.46,0.9213,0.808
0.92286,4.46,0.92286,0.804
0.92443,4.46,0.92443,0.8
0.926,4.461,0.926,0.796
0.92757,4.461,0.92757,0.792
0.92914,4.461,0.92914,0.789
0.93071,4.461,0.93071,0.785
0.93228,4.461,0.93228,0.781
0.93385,4.462,0.93385,0.777
0.93541,4.462,0.93541,0.773
0.93698,4.462,0.93698,0.769
0.93855,4.462,0.93855,0.765
0.94012,4.462,0.94012,0.761
0.94169,4.462,0.94169,0.758
0.94325,4.462,0.94325,0.754
0.94482,4.463,0.94482,0.75
0.94639,4.463,0.94639,0.746
0.94796,4.463,0.94796,0.742
0.94952,4.463,0.94952,0.739
0.95109,4.463,0.95109,0.735
0.95266,4.463,0.95266,0.731
0.95422,4.463,0.95422,0.727
0.95579,4.463,0.95579,0.724
0.95736,4.463,0.95736,0.72
0.95892,4.463,0.95892,0.716
0.96049,4.463,0.96049,0.712
0.96205,4.463,0.96205,0.709
0.96362,4.463,0.96362,0.705
0.96518,4.463,0.96518,0.701
0.96675,4.463,0.96675,0.698
0.96832,4.462,0.96832,0.694
0.96988,4.462,0.96988,0.691
0.97145,4.462,0.97145,0.687
0.97301,4.462,0.97301,0.683
0.97457,4.462,0.97457,0.68
0.97614,4.462,0.97614,0.676
0.9777,4.462,0.9777,0.673
0.97927,4.461,0.97927,0.669
0.98083,4.461,0.98083,0.665
0.9824,4.461,0.9824,0.662
0.98396,4.461,0.98396,0.658
0.98552,4.461,0.98552,0.655
0.98709,4.46,0.98709,0.651
0.98865,4.46,0.98865,0.648
0.99021,4.46,0.99021,0.644
0.99177,4.46,0.99177,0.641
0.99334,4.459,0.99334,0.637
0.9949,4.459,0.9949,0.634
0.99646,4.459,0.99646,0.631
0.99802,4.459,0.99802,0.627
0.99959,4.458,0.99959,0.624
1.0115,4.456,1.0115,0.598
1.0149,4.455,1.0149,0.591
1.0183,4.454,1.0183,0.584
1.0218,4.453,1.0218,0.577
1.0252,4.452,1.0252,0.569
1.0286,4.451,1.0286,0.562
1.032,4.45,1.032,0.555
1.0354,4.449,1.0354,0.549
1.0388,4.448,1.0388,0.542
1.0422,4.446,1.0422,0.535
1.0456,4.445,1.0456,0.528
1.0491,4.444,1.0491,0.521
1.0525,4.443,1.0525,0.515
1.0559,4.441,1.0559,0.508
1.0593,4.44,1.0593,0.502
1.0627,4.438,1.0627,0.495
1.0661,4.437,1.0661,0.489
1.0695,4.435,1.0695,0.482
1.073,4.434,1.073,0.476
1.0764,4.432,1.0764,0.469
1.0798,4.431,1.0798,0.463
1.0832,4.429,1.0832,0.457
1.0866,4.428,1.0866,0.451
1.09,4.426,1.09,0.445
1.0935,4.424,1.0935,0.439
1.0969,4.422,1.0969,0.432
1.1003,4.421,1.1003,0.426
1.1037,4.419,1.1037,0.421
1.1071,4.417,1.1071,0.415
1.1105,4.415,1.1105,0.409
1.114,4.413,1.114,0.403
1.1174,4.411,1.1174,0.397
1.1208,4.409,1.1208,0.392
1.1242,4.407,1.1242,0.386
1.1276,4.405,1.1276,0.38
1.1311,4.403,1.1311,0.375
1.1345,4.401,1.1345,0.369
1.1379,4.399,1.1379,0.364
1.1413,4.397,1.1413,0.358
1.1447,4.395,1.1447,0.353
1.1482,4.393,1.1482,0.348
1.1516,4.391,1.1516,0.342
1.155,4.388,1.155,0.337
1.1584,4.386,1.1584,0.332
1.1619,4.384,1.1619,0.327
1.1653,4.382,1.1653,0.322
1.1687,4.379,1.1687,0.317
1.1721,4.377,1.1721,0.312
1.1756,4.375,1.1756,0.307
1.179,4.372,1.179,0.302
1.1824,4.37,1.1824,0.297
1.1858,4.368,1.1858,0.292
1.1893,4.365,1.1893,0.287
1.1927,4.363,1.1927,0.283
1.1961,4.36,1.1961,0.278
1.1995,4.358,1.1995,0.273
1.203,4.356,1.203,0.269
1.2064,4.353,1.2064,0.264
1.2098,4.351,1.2098,0.26
1.2132,4.348,1.2132,0.255
1.2167,4.345,1.2167,0.251
1.2201,4.343,1.2201,0.246
1.2235,4.34,1.2235,0.242
1.227,4.338,1.227,0.238
1.2304,4.335,1.2304,0.233
1.2338,4.333,1.2338,0.229
1.2373,4.33,1.2373,0.225
1.2407,4.327,1.2407,0.221
1.2441,4.325,1.2441,0.217
1.2475,4.322,1.2475,0.213
1.251,4.319,1.251,0.209
1.2544,4.317,1.2544,0.205
1.2578,4.314,1.2578,0.201
1.2613,4.311,1.2613,0.197
1.2647,4.308,1.2647,0.193
1.2681,4.306,1.2681,0.189
1.2716,4.303,1.2716,0.186
1.275,4.3,1.275,0.182
1.2784,4.297,1.2784,0.178
1.2819,4.295,1.2819,0.175
1.2853,4.292,1.2853,0.171
1.2887,4.289,1.2887,0.168
1.2922,4.286,1.2922,0.164
1.2956,4.284,1.2956,0.161
1.299,4.281,1.299,0.157
1.3025,4.278,1.3025,0.154
1.3059,4.275,1.3059,0.15
1.3094,4.272,1.3094,0.147
1.3128,4.269,1.3128,0.144
1.3162,4.267,1.3162,0.141
1.3197,4.264,1.3197,0.138
1.3231,4.261,1.3231,0.134
1.3265,4.258,1.3265,0.131
1.33,4.255,1.33,0.128
1.3334,4.252,1.3334,0.125
1.3369,4.249,1.3369,0.122
1.3403,4.246,1.3403,0.119
1.3437,4.244,1.3437,0.116
1.3472,4.241,1.3472,0.113
1.3506,4.238,1.3506,0.111
1.3541,4.235,1.3541,0.108
1.3575,4.232,1.3575,0.105
1.3609,4.229,1.3609,0.102
1.3644,4.226,1.3644,0.1
1.3678,4.223,1.3678,0.097
1.3713,4.22,1.3713,0.094
1.3747,4.217,1.3747,0.092
1.3782,4.215,1.3782,0.089
1.3816,4.212,1.3816,0.087
1.385,4.209,1.385,0.084
1.3885,4.206,1.3885,0.082
1.3919,4.203,1.3919,0.08
1.3954,4.2,1.3954,0.077
1.3988,4.197,1.3988,0.075
1.4023,4.194,1.4023,0.073
1.4057,4.191,1.4057,0.071
1.4092,4.188,1.4092,0.068
1.4126,4.185,1.4126,0.066
1.416,4.182,1.416,0.064
1.4195,4.18,1.4195,0.062
1.4229,4.177,1.4229,0.06
1.4264,4.174,1.4264,0.058
1.4298,4.171,1.4298,0.056
1.4333,4.168,1.4333,0.054
1.4367,4.165,1.4367,0.052
1.4402,4.162,1.4402,0.05
1.4436,4.159,1.4436,0.048
1.4471,4.156,1.4471,0.047
1.4505,4.153,1.4505,0.045
1.454,4.151,1.454,0.043
1.4574,4.148,1.4574,0.041
1.4609,4.145,1.4609,0.04
1.4643,4.142,1.4643,0.038
1.4678,4.139,1.4678,0.037
1.4712,4.136,1.4712,0.035
1.4747,4.133,1.4747,0.034
1.4781,4.131,1.4781,0.032
1.4816,4.128,1.4816,0.031
1.485,4.125,1.485,0.029
1.4885,4.122,1.4885,0.028
1.4919,4.119,1.4919,0.026
1.4954,4.117,1.4954,0.025
1.4988,4.114,1.4988,0.024
1.5023,4.111,1.5023,0.023
1.5057,4.108,1.5057,0.021
1.5092,4.105,1.5092,0.02
1.5127,4.103,1.5127,0.019
1.5161,4.1,1.5161,0.018
1.5196,4.097,1.5196,0.017
1.523,4.095,1.523,0.016
1.5265,4.092,1.5265,0.015
1.5299,4.089,1.5299,0.014
1.5334,4.086,1.5334,0.013
1.5368,4.084,1.5368,0.012
1.5403,4.081,1.5403,0.011
1.5438,4.079,1.5438,0.01
1.5472,4.076,1.5472,0.01
1.5507,4.073,1.5507,0.009
1.5541,4.071,1.5541,0.008
1.5576,4.068,1.5576,0.007
1.561,4.066,1.561,0.007
1.5645,4.063,1.5645,0.006
1.568,4.06,1.568,0.006
1.5714,4.058,1.5714,0.005
1.5749,4.055,1.5749,0.004
1.5783,4.053,1.5783,0.004
1.5818,4.051,1.5818,0.003
1.5853,4.048,1.5853,0.003
1.5887,4.046,1.5887,0.003
1.5922,4.043,1.5922,0.002
1.5957,4.041,1.5957,0.002
1.5991,4.039,1.5991,0.001
1.6026,4.036,1.6026,0.001
1.606,4.034,1.606,0.001
1.6095,4.032,1.6095,0.001
1.613,4.029,1.613,0.001
1.6164,4.027,1.6164,0
1.6199,4.025,1.6199,0
1.6234,4.023,1.6234,0
1.6268,4.021,1.6268,0
1.6303,4.019,1.6303,0
1.6337,4.017,1.6337,0
1.6372,4.015,1.6372,0
1.6407,4.013,1.6407,0
1.6441,4.011,1.6441,0
1.6476,4.009,1.6476,0
1.6511,4.007,1.6511,0
1.6545,4.006,1.6545,0
1.658,4.004,1.658,0
1.6615,4.002,1.6615,0
1.6649,4,1.6649,0
1.6684,3.999,1.6684,0
1.6719,3.997,1.6719,0
1.6754,3.995,1.6754,0
1.6788,3.994,1.6788,0
1.6823,3.992,1.6823,0
1.6858,3.991,1.6858,0
1.6892,3.989,1.6892,0
1.69,3.989,1.69,0
1.7,3.985,1.7,0
1.7098,3.98,1.7098,0
1.72,3.976,1.72,0
1.7297,3.973,1.7297,0
1.7399,3.969,1.7399,0
1.7499,3.965,1.7499,0
1.76,3.961,1.76,0
1.7699,3.958,1.7699,0
1.7799,3.955,1.7799,0
1.7898,3.951,1.7898,0
1.7997,3.948,1.7997,0
1.8097,3.945,1.8097,0
1.8199,3.942,1.8199,0
1.8299,3.939,1.8299,0
1.8399,3.936,1.8399,0
1.8498,3.934,1.8498,0
1.8597,3.931,1.8597,0
1.8698,3.928,1.8698,0
1.88,3.926,1.88,0
1.8899,3.923,1.8899,0
1.8999,3.921,1.8999,0
1.9097,3.918,1.9097,0
1.92,3.916,1.92,0
1.93,3.914,1.93,0
1.9397,3.911,1.9397,0
1.9499,3.909,1.9499,0
1.9599,3.907,1.9599,0
1.97,3.905,1.97,0
1.9797,3.903,1.9797,0
1.99,3.901,1.99,0
2,3.899,2,0
2.0097,3.897,2.0097,0
2.0198,3.895,2.0198,0
2.0297,3.893,2.0297,0
2.0397,3.891,2.0397,0
2.0498,3.889,2.0498,0
2.06,3.888,2.06,0
2.0698,3.886,2.0698,0
2.0798,3.884,2.0798,0
2.0898,3.883,2.0898,0
2.0996,3.881,2.0996,0
2.1098,3.879,2.1098,0
2.1197,3.878,2.1197,0
2.1298,3.876,2.1298,0
2.1399,3.875,2.1399,0
2.1496,3.873,2.1496,0
2.1599,3.872,2.1599,0
2.1699,3.87,2.1699,0
2.1799,3.869,2.1799,0
2.1896,3.867,2.1896,0
2.1998,3.866,2.1998,0
2.2096,3.865,2.2096,0
2.2196,3.863,2.2196,0
2.2296,3.862,2.2296,0
2.2397,3.861,2.2397,0
2.2499,3.86,2.2499,0
2.2597,3.858,2.2597,0
2.2696,3.857,2.2696,0
2.2796,3.856,2.2796,0
2.2896,3.855,2.2896,0
2.2998,3.854,2.2998,0
2.3095,3.853,2.3095,0
2.3199,3.851,2.3199,0
2.3298,3.85,2.3298,0
2.3398,3.849,2.3398,0
2.3498,3.848,2.3498,0
2.36,3.847,2.36,0
2.3697,3.846,2.3697,0
2.3795,3.845,2.3795,0
2.3899,3.844,2.3899,0
2.3999,3.843,2.3999,0
2.4099,3.842,2.4099,0
2.4195,3.841,2.4195,0
2.4297,3.84,2.4297,0
2.44,3.839,2.44,0
2.4498,3.838,2.4498,0
2.4596,3.837,2.4596,0
2.4696,3.836,2.4696,0
2.4796,3.836,2.4796,0
2.4898,3.835,2.4898,0
2.5,3.834,2.5,0
2.5096,3.833,2.5096,0
2.5194,3.832,2.5194,0
2.5298,3.831,2.5298,0
2.5398,3.83,2.5398,0
2.5497,3.83,2.5497,0
2.5598,3.829,2.5598,0
2.57,3.828,2.57,0
2.5796,3.827,2.5796,0
2.5899,3.827,2.5899,0
2.5996,3.826,2.5996,0
2.6094,3.825,2.6094,0
2.62,3.824,2.62,0
2.6299,3.824,2.6299,0
2.64,3.823,2.64,0
2.6494,3.822,2.6494,0
2.6596,3.822,2.6596,0
2.6699,3.821,2.6699,0
2.6795,3.82,2.6795,0
2.69,3.82,2.69,0
2.6998,3.819,2.6998,0
2.7096,3.818,2.7096,0
2.7196,3.818,2.7196,0
2.7296,3.817,2.7296,0
2.7397,3.816,2.7397,0
2.7499,3.816,2.7499,0
2.7594,3.815,2.7594,0
2.7697,3.815,2.7697,0
2.7794,3.814,2.7794,0
2.7898,3.813,2.7898,0
2.7996,3.813,2.7996,0
2.8095,3.812,2.8095,0
2.8194,3.812,2.8194,0
2.8294,3.811,2.8294,0
2.8395,3.81,2.8395,0
2.8496,3.81,2.8496,0
2.8599,3.809,2.8599,0
2.8693,3.809,2.8693,0
2.8797,3.808,2.8797,0
2.8893,3.808,2.8893,0
2.8998,3.807,2.8998,0
2.9096,3.807,2.9096,0
2.9194,3.806,2.9194,0
2.9293,3.806,2.9293,0
2.9393,3.805,2.9393,0
2.9493,3.805,2.9493,0
2.9594,3.804,2.9594,0
2.9696,3.804,2.9696,0
2.9798,3.803,2.9798,0
2.9893,3.803,2.9893,0
2.9997,3.802,2.9997,0
3.0092,3.802,3.0092,0
3.0197,3.802,3.0197,0
3.0295,3.801,3.0295,0
3.0392,3.801,3.0392,0
3.0499,3.8,3.0499,0
3.0598,3.8,3.0598,0
3.0698,3.799,3.0698,0
3.0798,3.799,3.0798,0
3.0899,3.799,3.0899,0
3.0992,3.798,3.0992,0
3.1094,3.798,3.1094,0
3.1197,3.797,3.1197,0
3.1291,3.797,3.1291,0
3.1395,3.797,3.1395,0
3.149,3.796,3.149,0
3.1596,3.796,3.1596,0
3.1693,3.795,3.1693,0
3.1799,3.795,3.1799,0
3.1897,3.795,3.1897,0
3.1996,3.794,3.1996,0
3.2095,3.794,3.2095,0
3.2194,3.793,3.2194,0
3.2295,3.793,3.2295,0
3.2396,3.793,3.2396,0
3.2497,3.792,3.2497,0
3.2599,3.792,3.2599,0
3.2692,3.792,3.2692,0
3.2795,3.791,3.2795,0
3.2899,3.791,3.2899,0
3.2993,3.791,3.2993,0
3.3099,3.79,3.3099,0
3.3194,3.79,3.3194,0
3.329,3.79,3.329,0
3.3397,3.789,3.3397,0
3.3494,3.789,3.3494,0
3.3592,3.789,3.3592,0
3.369,3.788,3.369,0
3.38,3.788,3.38,0
3.3899,3.788,3.3899,0
3.3999,3.787,3.3999,0
3.4089,3.787,3.4089,0
3.419,3.787,3.419,0
3.4292,3.787,3.4292,0
3.4394,3.786,3.4394,0
3.4497,3.786,3.4497,0
3.4589,3.786,3.4589,0
3.4693,3.785,3.4693,0
3.4798,3.785,3.4798,0
3.4892,3.785,3.4892,0
3.4998,3.785,3.4998,0
3.5092,3.784,3.5092,0
3.52,3.784,3.52,0
3.5295,3.784,3.5295,0
3.5392,3.784,3.5392,0
3.5489,3.783,3.5489,0
3.5598,3.783,3.5598,0
3.5696,3.783,3.5696,0
3.5795,3.782,3.5795,0
3.5894,3.782,3.5894,0
3.5994,3.782,3.5994,0
3.6094,3.782,3.6094,0
3.6195,3.781,3.6195,0
3.6296,3.781,3.6296,0
3.6398,3.781,3.6398,0
3.6488,3.781,3.6488,0
3.6591,3.78,3.6591,0
3.6694,3.78,3.6694,0
3.6799,3.78,3.6799,0
3.689,3.78,3.689,0
3.6995,3.78,3.6995,0
3.7088,3.779,3.7088,0
3.7194,3.779,3.7194,0
3.7288,3.779,3.7288,0
3.7396,3.779,3.7396,0
3.749,3.778,3.749,0
3.7599,3.778,3.7599,0
3.7695,3.778,3.7695,0
3.7791,3.778,3.7791,0
3.7888,3.778,3.7888,0
3.7999,3.777,3.7999,0
3.8096,3.777,3.8096,0
3.8195,3.777,3.8195,0
3.8293,3.777,3.8293,0
3.8393,3.776,3.8393,0
3.8492,3.776,3.8492,0
3.8593,3.776,3.8593,0
3.8693,3.776,3.8693,0
3.8795,3.776,3.8795,0
3.8897,3.775,3.8897,0
3.8999,3.775,3.8999,0
3.9087,3.775,3.9087,0
3.9191,3.775,3.9191,0
3.9294,3.775,3.9294,0
3.9399,3.774,3.9399,0
3.9489,3.774,3.9489,0
3.9595,3.774,3.9595,0
3.9685,3.774,3.9685,0
3.9792,3.774,3.9792,0
3.9899,3.774,3.9899,0
3.9992,3.773,3.9992,0
4.01,3.773,4.01,0
4.0193,3.773,4.0193,0
4.0287,3.773,4.0287,0
4.0397,3.773,4.0397,0
4.0491,3.772,4.0491,0
4.0586,3.772,4.0586,0
4.0698,3.772,4.0698,0
4.0794,3.772,4.0794,0
4.089,3.772,4.089,0
4.0987,3.772,4.0987,0
4.1085,3.771,4.1085,0
4.1199,3.771,4.1199,0
4.1298,3.771,4.1298,0
4.1396,3.771,4.1396,0
4.1496,3.771,4.1496,0
4.1596,3.771,4.1596,0
4.1696,3.77,4.1696,0
4.1797,3.77,4.1797,0
4.1898,3.77,4.1898,0
4.1983,3.77,4.1983,0
4.2085,3.77,4.2085,0
4.2188,3.77,4.2188,0
4.2291,3.77,4.2291,0
4.2395,3.769,4.2395,0
4.2499,3.769,4.2499,0
4.2587,3.769,4.2587,0
4.2692,3.769,4.2692,0
4.2797,3.769,4.2797,0
4.2886,3.769,4.2886,0
4.2993,3.769,4.2993,0
4.31,3.768,4.31,0
4.319,3.768,4.319,0
4.3298,3.768,4.3298,0
4.3388,3.768,4.3388,0
4.3498,3.768,4.3498,0
4.3589,3.768,4.3589,0
4.3699,3.768,4.3699,0
4.3791,3.767,4.3791,0
4.3884,3.767,4.3884,0
4.3996,3.767,4.3996,0
4.4089,3.767,4.4089,0
4.4183,3.767,4.4183,0
4.4297,3.767,4.4297,0
4.4391,3.767,4.4391,0
4.4487,3.766,4.4487,0
4.4582,3.766,4.4582,0
4.4697,3.766,4.4697,0
4.4794,3.766,4.4794,0
4.4891,3.766,4.4891,0
4.4988,3.766,4.4988,0
4.5086,3.766,4.5086,0
4.5184,3.766,4.5184,0
4.5283,3.765,4.5283,0
4.5382,3.765,4.5382,0
4.5482,3.765,4.5482,0
4.5582,3.765,4.5582,0
4.5682,3.765,4.5682,0
4.5783,3.765,4.5783,0
4.5884,3.765,4.5884,0
4.5986,3.765,4.5986,0
4.6088,3.765,4.6088,0
4.6191,3.764,4.6191,0
4.6294,3.764,4.6294,0
4.6397,3.764,4.6397,0
4.6481,3.764,4.6481,0
4.6585,3.764,4.6585,0
4.669,3.764,4.669,0
4.6795,3.764,4.6795,0
4.688,3.764,4.688,0
4.6986,3.764,4.6986,0
4.7093,3.763,4.7093,0
4.72,3.763,4.72,0
4.7286,3.763,4.7286,0
4.7394,3.763,4.7394,0
4.7481,3.763,4.7481,0
4.759,3.763,4.759,0
4.7699,3.763,4.7699,0
4.7787,3.763,4.7787,0
4.7898,3.763,4.7898,0
4.7986,3.762,4.7986,0
4.8097,3.762,4.8097,0
4.8187,3.762,4.8187,0
4.8299,3.762,4.8299,0
4.8389,3.762,4.8389,0
4.848,3.762,4.848,0
4.8593,3.762,4.8593,0
4.8685,3.762,4.8685,0
4.8799,3.762,4.8799,0
4.8891,3.762,4.8891,0
4.8984,3.761,4.8984,0
4.91,3.761,4.91,0
4.9193,3.761,4.9193,0
4.9286,3.761,4.9286,0
4.938,3.761,4.938,0
4.9498,3.761,4.9498,0
4.9593,3.761,4.9593,0
4.9688,3.761,4.9688,0
4.9783,3.761,4.9783,0
4.9879,3.761,4.9879,0
4.9999,3.761,4.9999,0
5.0096,3.76,5.0096,0
5.0193,3.76,5.0193,0
5.029,3.76,5.029,0
5.0388,3.76,5.0388,0
5.0486,3.76,5.0486,0
5.0584,3.76,5.0584,0
5.0683,3.76,5.0683,0
5.0783,3.76,5.0783,0
5.0882,3.76,5.0882,0
5.0982,3.76,5.0982,0
5.1083,3.76,5.1083,0
5.1184,3.759,5.1184,0
5.1285,3.759,5.1285,0
5.1387,3.759,5.1387,0
5.1489,3.759,5.1489,0
5.1591,3.759,5.1591,0
5.1694,3.759,5.1694,0
5.1797,3.759,5.1797,0
5.1875,3.759,5.1875,0
5.1979,3.759,5.1979,0
5.2083,3.759,5.2083,0
5.2188,3.759,5.2188,0
5.2294,3.759,5.2294,0
5.2399,3.759,5.2399,0
5.2479,3.758,5.2479,0
5.2585,3.758,5.2585,0
5.2692,3.758,5.2692,0
5.2799,3.758,5.2799,0
5.288,3.758,5.288,0
5.2988,3.758,5.2988,0
5.3097,3.758,5.3097,0
5.3179,3.758,5.3179,0
5.3288,3.758,5.3288,0
5.3398,3.758,5.3398,0
5.348,3.758,5.348,0
5.3591,3.758,5.3591,0
5.3674,3.758,5.3674,0
5.3785,3.757,5.3785,0
5.3897,3.757,5.3897,0
5.3981,3.757,5.3981,0
5.4094,3.757,5.4094,0
5.4179,3.757,5.4179,0
5.4292,3.757,5.4292,0
5.4378,3.757,5.4378,0
5.4492,3.757,5.4492,0
5.4578,3.757,5.4578,0
5.4693,3.757,5.4693,0
5.478,3.757,5.478,0
5.4896,3.757,5.4896,0
5.4983,3.757,5.4983,0
5.51,3.757,5.51,0
5.5188,3.757,5.5188,0
5.5276,3.756,5.5276,0
5.5394,3.756,5.5394,0
5.5483,3.756,5.5483,0
5.5572,3.756,5.5572,0
5.5692,3.756,5.5692,0
5.5782,3.756,5.5782,0
5.5872,3.756,5.5872,0
5.5993,3.756,5.5993,0
5.6083,3.756,5.6083,0
5.6175,3.756,5.6175,0
5.6297,3.756,5.6297,0
5.6388,3.756,5.6388,0
5.648,3.756,5.648,0
5.6573,3.756,5.6573,0
5.6697,3.756,5.6697,0
5.679,3.755,5.679,0
5.6883,3.755,5.6883,0
5.6977,3.755,5.6977,0
5.7071,3.755,5.7071,0
5.7197,3.755,5.7197,0
5.7292,3.755,5.7292,0
5.7387,3.755,5.7387,0
5.7482,3.755,5.7482,0
5.7578,3.755,5.7578,0
5.7674,3.755,5.7674,0
5.7771,3.755,5.7771,0
5.79,3.755,5.79,0
5.7997,3.755,5.7997,0
5.8094,3.755,5.8094,0
5.8192,3.755,5.8192,0
5.829,3.755,5.829,0
5.8389,3.755,5.8389,0
5.8487,3.755,5.8487,0
5.8587,3.754,5.8587,0
5.8686,3.754,5.8686,0
5.8786,3.754,5.8786,0
5.8886,3.754,5.8886,0
5.8986,3.754,5.8986,0
5.9087,3.754,5.9087,0
5.9188,3.754,5.9188,0
5.929,3.754,5.929,0
5.9392,3.754,5.9392,0
5.9494,3.754,5.9494,0
5.9597,3.754,5.9597,0
5.97,3.754,5.97,0
5.9768,3.754,5.9768,0
5.9872,3.754,5.9872,0
5.9976,3.754,5.9976,0
6.008,3.754,6.008,0
6.0185,3.754,6.0185,0
6.029,3.754,6.029,0
6.0395,3.753,6.0395,0
6.0465,3.753,6.0465,0
6.0571,3.753,6.0571,0
6.0678,3.753,6.0678,0
6.0784,3.753,6.0784,0
6.0891,3.753,6.0891,0
6.0999,3.753,6.0999,0
6.1071,3.753,6.1071,0
6.1179,3.753,6.1179,0
6.1287,3.753,6.1287,0
6.1396,3.753,6.1396,0
6.1469,3.753,6.1469,0
6.1578,3.753,6.1578,0
6.1688,3.753,6.1688,0
6.1799,3.753,6.1799,0
6.1872,3.753,6.1872,0
6.1983,3.753,6.1983,0
6.2095,3.753,6.2095,0
6.2169,3.753,6.2169,0
6.2281,3.753,6.2281,0
6.2394,3.753,6.2394,0
6.2469,3.753,6.2469,0
6.2582,3.752,6.2582,0
6.2695,3.752,6.2695,0
6.2771,3.752,6.2771,0
6.2885,3.752,6.2885,0
6.2962,3.752,6.2962,0
6.3077,3.752,6.3077,0
6.3192,3.752,6.3192,0
6.3269,3.752,6.3269,0
6.3385,3.752,6.3385,0
6.3463,3.752,6.3463,0
6.358,3.752,6.358,0
6.3697,3.752,6.3697,0
6.3775,3.752,6.3775,0
6.3893,3.752,6.3893,0
6.3972,3.752,6.3972,0
6.409,3.752,6.409,0
6.417,3.752,6.417,0
6.4289,3.752,6.4289,0
6.4369,3.752,6.4369,0
6.4489,3.752,6.4489,0
6.4569,3.752,6.4569,0
6.469,3.752,6.469,0
6.4771,3.752,6.4771,0
6.4892,3.751,6.4892,0
6.4974,3.751,6.4974,0
6.5096,3.751,6.5096,0
6.5178,3.751,6.5178,0
6.526,3.751,6.526,0
6.5383,3.751,6.5383,0
6.5466,3.751,6.5466,0
6.559,3.751,6.559,0
6.5673,3.751,6.5673,0
6.5798,3.751,6.5798,0
6.5882,3.751,6.5882,0
6.5966,3.751,6.5966,0
6.6092,3.751,6.6092,0
6.6176,3.751,6.6176,0
6.6261,3.751,6.6261,0
6.6388,3.751,6.6388,0
6.6473,3.751,6.6473,0
6.6559,3.751,6.6559,0
6.6687,3.751,6.6687,0
6.6773,3.751,6.6773,0
6.6859,3.751,6.6859,0
6.6988,3.751,6.6988,0
6.7075,3.751,6.7075,0
6.7162,3.751,6.7162,0
6.7293,3.751,6.7293,0
6.738,3.751,6.738,0
6.7468,3.75,6.7468,0
6.76,3.75,6.76,0
6.7688,3.75,6.7688,0
6.7777,3.75,6.7777,0
6.7865,3.75,6.7865,0
6.7999,3.75,6.7999,0
6.8088,3.75,6.8088,0
6.8178,3.75,6.8178,0
6.8267,3.75,6.8267,0
6.8357,3.75,6.8357,0
6.8493,3.75,6.8493,0
6.8583,3.75,6.8583,0
6.8674,3.75,6.8674,0
6.8765,3.75,6.8765,0
6.8857,3.75,6.8857,0
6.8994,3.75,6.8994,0
6.9086,3.75,6.9086,0
6.9178,3.75,6.9178,0
6.9271,3.75,6.9271,0
6.9363,3.75,6.9363,0
6.9456,3.75,6.9456,0
6.9596,3.75,6.9596,0
6.969,3.75,6.969,0
6.9783,3.75,6.9783,0
6.9877,3.75,6.9877,0
6.9972,3.75,6.9972,0
7.0066,3.75,7.0066,0
7.0161,3.75,7.0161,0
7.0256,3.75,7.0256,0
7.0399,3.75,7.0399,0
7.0495,3.749,7.0495,0
7.0591,3.749,7.0591,0
7.0687,3.749,7.0687,0
7.0784,3.749,7.0784,0
7.0881,3.749,7.0881,0
7.0978,3.749,7.0978,0
7.1075,3.749,7.1075,0
7.1172,3.749,7.1172,0
7.127,3.749,7.127,0
7.1368,3.749,7.1368,0
7.1467,3.749,7.1467,0
7.1565,3.749,7.1565,0
7.1664,3.749,7.1664,0
7.1763,3.749,7.1763,0
7.1863,3.749,7.1863,0
7.1963,3.749,7.1963,0
7.2063,3.749,7.2063,0
7.2163,3.749,7.2163,0
7.2264,3.749,7.2264,0
7.2364,3.749,7.2364,0
7.2466,3.749,7.2466,0
7.2567,3.749,7.2567,0
7.2669,3.749,7.2669,0
7.2771,3.749,7.2771,0
7.2873,3.749,7.2873,0
7.2975,3.749,7.2975,0
7.3078,3.749,7.3078,0
7.3181,3.749,7.3181,0
7.3285,3.749,7.3285,0
7.3389,3.749,7.3389,0
7.3493,3.749,7.3493,0
7.3597,3.749,7.3597,0
7.3649,3.749,7.3649,0
7.3754,3.749,7.3754,0
7.3859,3.748,7.3859,0
7.3964,3.748,7.3964,0
7.407,3.748,7.407,0
7.4176,3.748,7.4176,0
7.4282,3.748,7.4282,0
7.4389,3.748,7.4389,0
7.4496,3.748,7.4496,0
7.4549,3.748,7.4549,0
7.4657,3.748,7.4657,0
7.4764,3.748,7.4764,0
7.4872,3.748,7.4872,0
7.4981,3.748,7.4981,0
7.5089,3.748,7.5089,0
7.5198,3.748,7.5198,0
7.5253,3.748,7.5253,0
7.5362,3.748,7.5362,0
7.5472,3.748,7.5472,0
7.5582,3.748,7.5582,0
7.5692,3.748,7.5692,0
7.5747,3.748,7.5747,0
7.5858,3.748,7.5858,0
7.5969,3.748,7.5969,0
7.6081,3.748,7.6081,0
7.6193,3.748,7.6193,0
7.6249,3.748,7.6249,0
7.6361,3.748,7.6361,0
7.6474,3.748,7.6474,0
7.6587,3.748,7.6587,0
7.67,3.748,7.67,0
7.6757,3.748,7.6757,0
7.687,3.748,7.687,0
7.6985,3.748,7.6985,0
7.7099,3.748,7.7099,0
7.7156,3.748,7.7156,0
7.7271,3.748,7.7271,0
7.7387,3.748,7.7387,0
7.7445,3.748,7.7445,0
7.756,3.748,7.756,0
7.7677,3.748,7.7677,0
7.7793,3.748,7.7793,0
7.7851,3.747,7.7851,0
7.7969,3.747,7.7969,0
7.8086,3.747,7.8086,0
7.8145,3.747,7.8145,0
7.8263,3.747,7.8263,0
7.8381,3.747,7.8381,0
7.85,3.747,7.85,0
7.8559,3.747,7.8559,0
7.8678,3.747,7.8678,0
7.8798,3.747,7.8798,0
7.8858,3.747,7.8858,0
7.8978,3.747,7.8978,0
7.9099,3.747,7.9099,0
7.9159,3.747,7.9159,0
7.928,3.747,7.928,0
7.9341,3.747,7.9341,0
7.9462,3.747,7.9462,0
7.9584,3.747,7.9584,0
7.9645,3.747,7.9645,0
7.9768,3.747,7.9768,0
7.9891,3.747,7.9891,0
7.9952,3.747,7.9952,0
8.0076,3.747,8.0076,0
8.02,3.747,8.02,0
8.0262,3.747,8.0262,0
8.0386,3.747,8.0386,0
8.0449,3.747,8.0449,0
8.0574,3.747,8.0574,0
8.0699,3.747,8.0699,0
8.0762,3.747,8.0762,0
8.0888,3.747,8.0888,0
8.0951,3.747,8.0951,0
8.1078,3.747,8.1078,0
8.1141,3.747,8.1141,0
8.1268,3.747,8.1268,0
8.1396,3.747,8.1396,0
8.146,3.747,8.146,0
8.1588,3.747,8.1588,0
8.1652,3.747,8.1652,0
8.1781,3.747,8.1781,0
8.1845,3.747,8.1845,0
8.1975,3.747,8.1975,0
8.204,3.747,8.204,0
8.217,3.747,8.217,0
8.2235,3.747,8.2235,0
8.2366,3.747,8.2366,0
8.2497,3.747,8.2497,0
8.2562,3.746,8.2562,0
8.2694,3.746,8.2694,0
8.276,3.746,8.276,0
8.2892,3.746,8.2892,0
8.2959,3.746,8.2959,0
8.3091,3.746,8.3091,0
8.3158,3.746,8.3158,0
8.3292,3.746,8.3292,0
8.3359,3.746,8.3359,0
8.3493,3.746,8.3493,0
8.356,3.746,8.356,0
8.3695,3.746,8.3695,0
8.3763,3.746,8.3763,0
8.3898,3.746,8.3898,0
8.3966,3.746,8.3966,0
8.4034,3.746,8.4034,0
8.4171,3.746,8.4171,0
8.4239,3.746,8.4239,0
8.4376,3.746,8.4376,0
8.4445,3.746,8.4445,0
8.4583,3.746,8.4583,0
8.4652,3.746,8.4652,0
8.479,3.746,8.479,0
8.4859,3.746,8.4859,0
8.4999,3.746,8.4999,0
8.5068,3.746,8.5068,0
8.5138,3.746,8.5138,0
8.5278,3.746,8.5278,0
8.5348,3.746,8.5348,0
8.5489,3.746,8.5489,0
8.556,3.746,8.556,0
8.563,3.746,8.563,0
8.5772,3.746,8.5772,0
8.5843,3.746,8.5843,0
8.5985,3.746,8.5985,0
8.6057,3.746,8.6057,0
8.62,3.746,8.62,0
8.6271,3.746,8.6271,0
8.6343,3.746,8.6343,0
8.6487,3.746,8.6487,0
8.6559,3.746,8.6559,0
8.6632,3.746,8.6632,0
8.6777,3.746,8.6777,0
8.6849,3.746,8.6849,0
8.6995,3.746,8.6995,0
8.7068,3.746,8.7068,0
8.7141,3.746,8.7141,0
8.7288,3.746,8.7288,0
8.7362,3.746,8.7362,0
8.7435,3.746,8.7435,0
8.7583,3.746,8.7583,0
8.7657,3.746,8.7657,0
8.7731,3.746,8.7731,0
8.788,3.746,8.788,0
8.7954,3.746,8.7954,0
8.8029,3.746,8.8029,0
8.8179,3.746,8.8179,0
8.8254,3.745,8.8254,0
8.8329,3.745,8.8329,0
8.848,3.745,8.848,0
8.8555,3.745,8.8555,0
8.8631,3.745,8.8631,0
8.8783,3.745,8.8783,0
8.8859,3.745,8.8859,0
8.8935,3.745,8.8935,0
8.9088,3.745,8.9088,0
8.9164,3.745,8.9164,0
8.9241,3.745,8.9241,0
8.9395,3.745,8.9395,0
8.9472,3.745,8.9472,0
8.9549,3.745,8.9549,0
8.9627,3.745,8.9627,0
8.9782,3.745,8.9782,0
8.986,3.745,8.986,0
8.9938,3.745,8.9938,0
9.0094,3.745,9.0094,0
9.0172,3.745,9.0172,0
9.0251,3.745,9.0251,0
9.0329,3.745,9.0329,0
9.0487,3.745,9.0487,0
9.0566,3.745,9.0566,0
9.0645,3.745,9.0645,0
9.0725,3.745,9.0725,0
9.0884,3.745,9.0884,0
9.0963,3.745,9.0963,0
9.1043,3.745,9.1043,0
9.1123,3.745,9.1123,0
9.1284,3.745,9.1284,0
9.1364,3.745,9.1364,0
9.1445,3.745,9.1445,0
9.1525,3.745,9.1525,0
9.1687,3.745,9.1687,0
9.1768,3.745,9.1768,0
9.185,3.745,9.185,0
9.1931,3.745,9.1931,0
9.2094,3.745,9.2094,0
9.2176,3.745,9.2176,0
9.2258,3.745,9.2258,0
9.234,3.745,9.234,0
9.2423,3.745,9.2423,0
9.2588,3.745,9.2588,0
9.267,3.745,9.267,0
9.2753,3.745,9.2753,0
9.2836,3.745,9.2836,0
9.292,3.745,9.292,0
9.3086,3.745,9.3086,0
9.317,3.745,9.317,0
9.3254,3.745,9.3254,0
9.3338,3.745,9.3338,0
9.3422,3.745,9.3422,0
9.359,3.745,9.359,0
9.3675,3.745,9.3675,0
9.376,3.745,9.376,0
9.3844,3.745,9.3844,0
9.393,3.745,9.393,0
9.41,3.745,9.41,0
9.4185,3.745,9.4185,0
9.4271,3.745,9.4271,0
9.4357,3.745,9.4357,0
9.4443,3.745,9.4443,0
9.4529,3.745,9.4529,0
9.4615,3.745,9.4615,0
9.4788,3.745,9.4788,0
9.4875,3.745,9.4875,0
9.4962,3.745,9.4962,0
9.5049,3.745,9.5049,0
9.5136,3.745,9.5136,0
9.5223,3.745,9.5223,0
9.5399,3.744,9.5399,0
9.5486,3.744,9.5486,0
9.5574,3.744,9.5574,0
9.5662,3.744,9.5662,0
9.5751,3.744,9.5751,0
9.5839,3.744,9.5839,0
9.5928,3.744,9.5928,0
9.6017,3.744,9.6017,0
9.6195,3.744,9.6195,0
9.6284,3.744,9.6284,0
9.6374,3.744,9.6374,0
9.6463,3.744,9.6463,0
9.6553,3.744,9.6553,0
9.6643,3.744,9.6643,0
9.6733,3.744,9.6733,0
9.6824,3.744,9.6824,0
9.6914,3.744,9.6914,0
9.7096,3.744,9.7096,0
9.7187,3.744,9.7187,0
9.7278,3.744,9.7278,0
9.7369,3.744,9.7369,0
9.7461,3.744,9.7461,0
9.7552,3.744,9.7552,0
9.7644,3.744,9.7644,0
9.7736,3.744,9.7736,0
9.7829,3.744,9.7829,0
9.7921,3.744,9.7921,0
9.8013,3.744,9.8013,0
9.8199,3.744,9.8199,0
9.8292,3.744,9.8292,0
9.8385,3.744,9.8385,0
9.8479,3.744,9.8479,0
9.8572,3.744,9.8572,0
9.8666,3.744,9.8666,0
9.876,3.744,9.876,0
9.8854,3.744,9.8854,0
9.8949,3.744,9.8949,0
9.9043,3.744,9.9043,0
9.9138,3.744,9.9138,0
9.9233,3.744,9.9233,0
9.9328,3.744,9.9328,0
9.9423,3.744,9.9423,0
9.9518,3.744,9.9518,0
9.9614,3.744,9.9614,0
9.971,3.744,9.971,0
9.9806,3.744,9.9806,0
9.9998,3.744,9.9998,0
10.009,3.744,10.009,0
10.019,3.744,10.019,0
10.029,3.744,10.029,0
10.039,3.744,10.039,0
10.048,3.744,10.048,0
10.058,3.744,10.058,0
10.068,3.744,10.068,0
10.078,3.744,10.078,0
10.087,3.744,10.087,0
10.097,3.744,10.097,0
10.107,3.744,10.107,0
10.117,3.744,10.117,0
10.127,3.744,10.127,0
10.137,3.744,10.137,0
10.147,3.744,10.147,0
10.157,3.744,10.157,0
10.166,3.744,10.166,0
10.176,3.744,10.176,0
10.186,3.744,10.186,0
10.196,3.744,10.196,0
10.207,3.744,10.207,0
10.217,3.744,10.217,0
10.227,3.744,10.227,0
10.237,3.744,10.237,0
10.247,3.744,10.247,0
10.257,3.744,10.257,0
10.267,3.744,10.267,0
10.277,3.744,10.277,0
10.288,3.744,10.288,0
10.298,3.744,10.298,0
10.308,3.744,10.308,0
10.318,3.744,10.318,0
10.328,3.744,10.328,0
10.339,3.744,10.339,0
10.349,3.744,10.349,0
10.359,3.744,10.359,0
10.37,3.744,10.37,0
10.38,3.744,10.38,0
10.391,3.744,10.391,0
10.401,3.744,10.401,0
10.411,3.744,10.411,0
10.422,3.744,10.422,0
10.432,3.744,10.432,0
10.443,3.743,10.443,0
10.453,3.743,10.453,0
10.464,3.743,10.464,0
10.475,3.743,10.475,0
10.485,3.743,10.485,0
10.496,3.743,10.496,0
10.506,3.743,10.506,0
10.517,3.743,10.517,0
10.528,3.743,10.528,0
10.538,3.743,10.538,0
10.549,3.743,10.549,0
10.56,3.743,10.56,0
10.571,3.743,10.571,0
10.581,3.743,10.581,0
10.592,3.743,10.592,0
10.603,3.743,10.603,0
10.614,3.743,10.614,0
10.625,3.743,10.625,0
10.636,3.743,10.636,0
10.647,3.743,10.647,0
10.658,3.743,10.658,0
10.669,3.743,10.669,0
10.68,3.743,10.68,0
10.691,3.743,10.691,0
10.702,3.743,10.702,0
10.713,3.743,10.713,0
10.724,3.743,10.724,0
10.735,3.743,10.735,0
10.746,3.743,10.746,0
10.757,3.743,10.757,0
10.768,3.743,10.768,0
10.779,3.743,10.779,0
10.791,3.743,10.791,0
10.802,3.743,10.802,0
10.813,3.743,10.813,0
10.824,3.743,10.824,0
10.836,3.743,10.836,0
10.847,3.743,10.847,0
10.858,3.743,10.858,0
10.87,3.743,10.87,0
10.881,3.743,10.881,0
10.893,3.743,10.893,0
10.904,3.743,10.904,0
10.916,3.743,10.916,0
10.927,3.743,10.927,0
10.939,3.743,10.939,0
10.95,3.743,10.95,0
10.962,3.743,10.962,0
10.973,3.743,10.973,0
10.985,3.743,10.985,0
10.997,3.743,10.997,0
11.008,3.743,11.008,0
11.02,3.743,11.02,0
11.032,3.743,11.032,0
11.043,3.743,11.043,0
11.055,3.743,11.055,0
11.067,3.743,11.067,0
11.079,3.743,11.079,0
11.091,3.743,11.091,0
11.103,3.743,11.103,0
11.114,3.743,11.114,0
11.126,3.743,11.126,0
11.138,3.743,11.138,0
11.15,3.743,11.15,0
11.162,3.743,11.162,0
11.174,3.743,11.174,0
11.186,3.743,11.186,0
11.199,3.743,11.199,0
11.211,3.743,11.211,0
11.223,3.743,11.223,0
11.235,3.743,11.235,0
11.247,3.743,11.247,0
11.259,3.743,11.259,0
11.272,3.743,11.272,0
11.284,3.743,11.284,0
11.296,3.743,11.296,0
11.308,3.743,11.308,0
11.321,3.743,11.321,0
11.333,3.743,11.333,0
11.346,3.743,11.346,0
11.358,3.743,11.358,0
11.37,3.743,11.37,0
11.383,3.743,11.383,0
11.395,3.743,11.395,0
11.408,3.743,11.408,0
11.421,3.743,11.421,0
11.433,3.743,11.433,0
11.446,3.743,11.446,0
11.458,3.743,11.458,0
11.471,3.743,11.471,0
11.484,3.743,11.484,0
11.496,3.743,11.496,0
11.509,3.743,11.509,0
11.522,3.743,11.522,0
11.535,3.743,11.535,0
11.548,3.743,11.548,0
11.561,3.743,11.561,0
11.573,3.743,11.573,0
11.586,3.743,11.586,0
11.599,3.743,11.599,0
11.612,3.743,11.612,0
11.625,3.743,11.625,0
11.638,3.743,11.638,0
11.651,3.743,11.651,0
11.665,3.743,11.665,0
11.678,3.743,11.678,0
11.691,3.742,11.691,0
11.704,3.742,11.704,0
11.717,3.742,11.717,0
11.731,3.742,11.731,0
11.744,3.742,11.744,0
11.757,3.742,11.757,0
11.771,3.742,11.771,0
11.784,3.742,11.784,0
11.797,3.742,11.797,0
11.811,3.742,11.811,0
11.824,3.742,11.824,0
11.838,3.742,11.838,0
11.851,3.742,11.851,0
11.865,3.742,11.865,0
11.878,3.742,11.878,0
11.892,3.742,11.892,0
11.906,3.742,11.906,0
11.919,3.742,11.919,0
11.933,3.742,11.933,0
11.947,3.742,11.947,0
11.961,3.742,11.961,0
11.974,3.742,11.974,0
11.988,3.742,11.988,0
12.002,3.742,12.002,0
12.016,3.742,12.016,0
12.03,3.742,12.03,0
12.044,3.742,12.044,0
12.058,3.742,12.058,0
12.072,3.742,12.072,0
12.086,3.742,12.086,0
12.1,3.742,12.1,0
12.114,3.742,12.114,0
12.128,3.742,12.128,0
12.143,3.742,12.143,0
12.157,3.742,12.157,0
12.171,3.742,12.171,0
12.185,3.742,12.185,0
12.2,3.742,12.2,0
12.214,3.742,12.214,0
12.229,3.742,12.229,0
12.243,3.742,12.243,0
12.257,3.742,12.257,0
12.272,3.742,12.272,0
12.287,3.742,12.287,0
12.301,3.742,12.301,0
12.316,3.742,12.316,0
12.33,3.742,12.33,0
12.345,3.742,12.345,0
12.36,3.742,12.36,0
12.374,3.742,12.374,0
12.389,3.742,12.389,0
12.404,3.742,12.404,0
12.419,3.742,12.419,0
12.434,3.742,12.434,0
12.449,3.742,12.449,0
12.464,3.742,12.464,0
12.479,3.742,12.479,0
12.494,3.742,12.494,0
12.509,3.742,12.509,0
12.524,3.742,12.524,0
12.539,3.742,12.539,0
12.554,3.742,12.554,0
12.569,3.742,12.569,0
12.585,3.742,12.585,0
12.6,3.742,12.6,0
12.615,3.742,12.615,0
12.631,3.742,12.631,0
12.646,3.742,12.646,0
12.662,3.742,12.662,0
12.677,3.742,12.677,0
12.693,3.742,12.693,0
12.708,3.742,12.708,0
12.724,3.742,12.724,0
12.739,3.742,12.739,0
12.755,3.742,12.755,0
12.771,3.742,12.771,0
12.786,3.742,12.786,0
12.802,3.742,12.802,0
12.818,3.742,12.818,0
12.834,3.742,12.834,0
12.85,3.742,12.85,0
12.866,3.742,12.866,0
12.882,3.742,12.882,0
12.898,3.742,12.898,0
12.914,3.742,12.914,0
12.93,3.742,12.93,0
12.946,3.742,12.946,0
12.962,3.742,12.962,0
12.979,3.742,12.979,0
12.995,3.742,12.995,0
13.011,3.742,13.011,0
13.027,3.742,13.027,0
13.044,3.742,13.044,0
13.06,3.742,13.06,0
13.077,3.742,13.077,0
13.093,3.742,13.093,0
13.11,3.742,13.11,0
13.126,3.742,13.126,0
13.143,3.742,13.143,0
13.16,3.742,13.16,0
13.176,3.742,13.176,0
13.193,3.742,13.193,0
13.21,3.742,13.21,0
13.227,3.742,13.227,0
13.244,3.742,13.244,0
13.261,3.742,13.261,0
13.278,3.742,13.278,0
13.295,3.742,13.295,0
13.312,3.742,13.312,0
13.329,3.742,13.329,0
13.346,3.742,13.346,0
13.363,3.742,13.363,0
13.38,3.742,13.38,0
13.398,3.742,13.398,0
13.415,3.742,13.415,0
13.432,3.742,13.432,0
13.45,3.742,13.45,0
13.467,3.742,13.467,0
13.485,3.742,13.485,0
13.502,3.742,13.502,0
13.52,3.741,13.52,0
13.538,3.741,13.538,0
13.555,3.741,13.555,0
13.573,3.741,13.573,0
13.591,3.741,13.591,0
13.609,3.741,13.609,0
13.627,3.741,13.627,0
13.645,3.741,13.645,0
13.662,3.741,13.662,0
13.68,3.741,13.68,0
13.699,3.741,13.699,0
13.717,3.741,13.717,0
13.735,3.741,13.735,0
13.753,3.741,13.753,0
13.771,3.741,13.771,0
13.79,3.741,13.79,0
13.808,3.741,13.808,0
13.826,3.741,13.826,0
13.845,3.741,13.845,0
13.863,3.741,13.863,0
13.882,3.741,13.882,0
13.901,3.741,13.901,0
13.919,3.741,13.919,0
13.938,3.741,13.938,0
13.957,3.741,13.957,0
13.975,3.741,13.975,0
13.994,3.741,13.994,0
14.013,3.741,14.013,0
14.032,3.741,14.032,0
14.051,3.741,14.051,0
14.07,3.741,14.07,0
14.089,3.741,14.089,0
14.109,3.741,14.109,0
14.128,3.741,14.128,0
14.147,3.741,14.147,0
14.166,3.741,14.166,0
14.186,3.741,14.186,0
14.205,3.741,14.205,0
14.225,3.741,14.225,0
14.244,3.741,14.244,0
14.264,3.741,14.264,0
14.283,3.741,14.283,0
14.303,3.741,14.303,0
14.323,3.741,14.323,0
14.343,3.741,14.343,0
14.363,3.741,14.363,0
14.383,3.741,14.383,0
14.403,3.741,14.403,0
14.423,3.741,14.423,0
14.443,3.741,14.443,0
14.463,3.741,14.463,0
14.483,3.741,14.483,0
14.503,3.741,14.503,0
14.524,3.741,14.524,0
14.544,3.741,14.544,0
14.564,3.741,14.564,0
14.585,3.741,14.585,0
14.605,3.741,14.605,0
14.626,3.741,14.626,0
14.647,3.741,14.647,0
14.667,3.741,14.667,0
14.688,3.741,14.688,0
14.709,3.741,14.709,0
14.73,3.741,14.73,0
14.751,3.741,14.751,0
14.772,3.741,14.772,0
14.793,3.741,14.793,0
14.814,3.741,14.814,0
14.835,3.741,14.835,0
14.856,3.741,14.856,0
14.878,3.741,14.878,0
14.899,3.741,14.899,0
14.921,3.741,14.921,0
14.942,3.741,14.942,0
14.964,3.741,14.964,0
14.985,3.741,14.985,0
15.007,3.741,15.007,0
15.029,3.741,15.029,0
15.051,3.741,15.051,0
15.072,3.741,15.072,0
15.094,3.741,15.094,0
15.116,3.741,15.116,0
15.138,3.741,15.138,0
15.161,3.741,15.161,0
15.183,3.741,15.183,0
15.205,3.741,15.205,0
15.227,3.741,15.227,0
15.25,3.741,15.25,0
15.272,3.741,15.272,0
15.295,3.741,15.295,0
15.317,3.741,15.317,0
15.34,3.741,15.34,0
15.363,3.741,15.363,0
15.385,3.741,15.385,0
15.408,3.741,15.408,0
15.431,3.741,15.431,0
15.454,3.741,15.454,0
15.477,3.741,15.477,0
15.5,3.741,15.5,0
15.524,3.741,15.524,0
15.547,3.741,15.547,0
15.57,3.741,15.57,0
15.594,3.741,15.594,0
15.617,3.741,15.617,0
15.641,3.741,15.641,0
15.664,3.741,15.664,0
15.688,3.741,15.688,0
15.712,3.741,15.712,0
15.736,3.741,15.736,0
15.76,3.741,15.76,0
15.784,3.741,15.784,0
15.808,3.741,15.808,0
15.832,3.741,15.832,0
15.856,3.741,15.856,0
15.88,3.741,15.88,0
15.905,3.741,15.905,0
15.929,3.741,15.929,0
15.954,3.741,15.954,0
15.978,3.741,15.978,0
16.003,3.741,16.003,0
16.028,3.741,16.028,0
16.052,3.741,16.052,0
16.077,3.741,16.077,0
16.102,3.741,16.102,0
16.127,3.741,16.127,0
16.152,3.741,16.152,0
16.178,3.741,16.178,0
16.203,3.741,16.203,0
16.228,3.741,16.228,0
16.254,3.741,16.254,0
16.279,3.741,16.279,0
16.305,3.741,16.305,0
16.33,3.741,16.33,0
16.356,3.741,16.356,0
16.382,3.741,16.382,0
16.408,3.741,16.408,0
16.434,3.741,16.434,0
16.46,3.741,16.46,0
16.486,3.741,16.486,0
16.512,3.741,16.512,0
16.539,3.741,16.539,0
16.565,3.741,16.565,0
16.592,3.741,16.592,0
16.618,3.74,16.618,0
16.645,3.74,16.645,0
16.672,3.74,16.672,0
16.699,3.74,16.699,0
16.726,3.74,16.726,0
16.753,3.74,16.753,0
16.78,3.74,16.78,0
16.807,3.74,16.807,0
16.834,3.74,16.834,0
16.862,3.74,16.862,0
16.889,3.74,16.889,0
16.916,3.74,16.916,0
16.944,3.74,16.944,0
16.972,3.74,16.972,0
17,3.74,17,0
17.028,3.74,17.028,0
17.056,3.74,17.056,0
17.084,3.74,17.084,0
17.112,3.74,17.112,0
17.14,3.74,17.14,0
17.169,3.74,17.169,0
17.197,3.74,17.197,0
17.226,3.74,17.226,0
17.254,3.74,17.254,0
17.283,3.74,17.283,0
17.312,3.74,17.312,0
17.341,3.74,17.341,0
17.37,3.74,17.37,0
17.399,3.74,17.399,0
17.428,3.74,17.428,0
17.458,3.74,17.458,0
17.487,3.74,17.487,0
17.517,3.74,17.517,0
17.546,3.74,17.546,0
17.576,3.74,17.576,0
17.606,3.74,17.606,0
17.636,3.74,17.636,0
17.666,3.74,17.666,0
17.696,3.74,17.696,0
17.726,3.74,17.726,0
17.757,3.74,17.757,0
17.787,3.74,17.787,0
17.818,3.74,17.818,0
17.848,3.74,17.848,0
17.879,3.74,17.879,0
17.91,3.74,17.91,0
17.941,3.74,17.941,0
17.972,3.74,17.972,0
18.003,3.74,18.003,0
18.034,3.74,18.034,0
18.066,3.74,18.066,0
18.097,3.74,18.097,0
18.129,3.74,18.129,0
18.161,3.74,18.161,0
18.193,3.74,18.193,0
18.225,3.74,18.225,0
18.257,3.74,18.257,0
18.289,3.74,18.289,0
18.321,3.74,18.321,0
18.354,3.74,18.354,0
18.386,3.74,18.386,0
18.419,3.74,18.419,0
18.452,3.74,18.452,0
18.485,3.74,18.485,0
18.518,3.74,18.518,0
18.551,3.74,18.551,0
18.584,3.74,18.584,0
18.617,3.74,18.617,0
18.651,3.74,18.651,0
18.684,3.74,18.684,0
18.718,3.74,18.718,0
18.752,3.74,18.752,0
18.786,3.74,18.786,0
18.82,3.74,18.82,0
18.854,3.74,18.854,0
18.889,3.74,18.889,0
18.923,3.74,18.923,0
18.958,3.74,18.958,0
18.992,3.74,18.992,0
19.027,3.74,19.027,0
19.062,3.74,19.062,0
19.097,3.74,19.097,0
19.132,3.74,19.132,0
19.168,3.74,19.168,0
19.203,3.74,19.203,0
19.239,3.74,19.239,0
19.275,3.74,19.275,0
19.311,3.74,19.311,0
19.347,3.74,19.347,0
19.383,3.74,19.383,0
19.419,3.74,19.419,0
19.456,3.74,19.456,0
19.492,3.74,19.492,0
19.529,3.74,19.529,0
19.566,3.74,19.566,0
19.603,3.74,19.603,0
19.64,3.74,19.64,0
19.677,3.74,19.677,0
19.714,3.74,19.714,0
19.752,3.74,19.752,0
19.79,3.74,19.79,0
19.828,3.74,19.828,0
19.866,3.74,19.866,0
19.904,3.74,19.904,0
19.942,3.74,19.942,0
19.98,3.74,19.98,0
20.019,3.74,20.019,0
20.058,3.74,20.058,0
20.097,3.74,20.097,0
20.136,3.74,20.136,0
20.175,3.74,20.175,0
20.214,3.74,20.214,0
20.254,3.74,20.254,0
20.293,3.74,20.293,0
20.333,3.74,20.333,0
20.373,3.74,20.373,0
20.413,3.74,20.413,0
20.453,3.74,20.453,0
20.494,3.74,20.494,0
20.534,3.74,20.534,0
20.575,3.74,20.575,0
20.616,3.74,20.616,0
20.657,3.74,20.657,0
20.698,3.74,20.698,0
20.74,3.74,20.74,0
20.781,3.74,20.781,0
20.823,3.74,20.823,0
20.865,3.74,20.865,0
20.907,3.74,20.907,0
20.949,3.74,20.949,0
20.992,3.74,20.992,0
21.034,3.74,21.034,0
21.077,3.74,21.077,0
21.12,3.74,21.12,0
21.163,3.74,21.163,0
21.206,3.74,21.206,0
21.25,3.74,21.25,0
21.293,3.74,21.293,0
21.337,3.74,21.337,0
21.381,3.74,21.381,0
21.425,3.74,21.425,0
21.47,3.74,21.47,0
21.514,3.74,21.514,0
21.559,3.74,21.559,0
21.604,3.74,21.604,0
21.649,3.74,21.649,0
21.694,3.74,21.694,0
21.74,3.74,21.74,0
21.785,3.74,21.785,0
21.831,3.74,21.831,0
21.877,3.74,21.877,0
21.924,3.74,21.924,0
21.97,3.74,21.97,0
22.017,3.74,22.017,0
22.063,3.74,22.063,0
22.11,3.74,22.11,0
22.158,3.74,22.158,0
22.205,3.74,22.205,0
22.253,3.74,22.253,0
22.301,3.74,22.301,0
22.349,3.74,22.349,0
22.397,3.74,22.397,0
22.445,3.74,22.445,0
22.494,3.74,22.494,0
22.543,3.74,22.543,0
22.592,3.74,22.592,0
22.642,3.74,22.642,0
22.691,3.74,22.691,0
22.741,3.74,22.741,0
22.791,3.74,22.791,0
22.841,3.74,22.841,0
22.891,3.74,22.891,0
22.942,3.74,22.942,0
22.993,3.74,22.993,0
23.044,3.74,23.044,0
23.095,3.74,23.095,0
23.147,3.74,23.147,0
23.199,3.74,23.199,0
23.251,3.74,23.251,0
23.303,3.74,23.303,0
23.355,3.74,23.355,0
23.408,3.74,23.408,0
23.461,3.74,23.461,0
23.514,3.74,23.514,0
23.568,3.74,23.568,0
23.621,3.74,23.621,0
23.675,3.74,23.675,0
23.73,3.74,23.73,0
23.784,3.74,23.784,0
23.839,3.739,23.839,0
23.894,3.739,23.894,0
23.949,3.739,23.949,0
24.004,3.739,24.004,0
24.06,3.739,24.06,0
24.116,3.739,24.116,0
24.172,3.739,24.172,0
24.229,3.739,24.229,0
24.285,3.739,24.285,0
24.342,3.739,24.342,0
24.4,3.739,24.4,0
24.457,3.739,24.457,0
24.515,3.739,24.515,0
24.573,3.739,24.573,0
24.631,3.739,24.631,0
24.69,3.739,24.69,0
24.749,3.739,24.749,0
24.808,3.739,24.808,0
24.868,3.739,24.868,0
24.927,3.739,24.927,0
24.988,3.739,24.988,0
25.048,3.739,25.048,0
25.109,3.739,25.109,0
25.169,3.739,25.169,0
25.231,3.739,25.231,0
25.292,3.739,25.292,0
25.354,3.739,25.354,0
25.416,3.739,25.416,0
25.479,3.739,25.479,0
25.541,3.739,25.541,0
25.604,3.739,25.604,0
25.668,3.739,25.668,0
25.732,3.739,25.732,0
25.796,3.739,25.796,0
25.86,3.739,25.86,0
25.925,3.739,25.925,0
25.989,3.739,25.989,0
26.055,3.739,26.055,0
26.12,3.739,26.12,0
26.186,3.739,26.186,0
26.253,3.739,26.253,0
26.319,3.739,26.319,0
26.386,3.739,26.386,0
26.454,3.739,26.454,0
26.521,3.739,26.521,0
26.589,3.739,26.589,0
26.658,3.739,26.658,0
26.726,3.739,26.726,0
26.795,3.739,26.795,0
26.865,3.739,26.865,0
26.935,3.739,26.935,0
27.005,3.739,27.005,0
27.075,3.739,27.075,0
27.146,3.739,27.146,0
27.217,3.739,27.217,0
27.289,3.739,27.289,0
27.361,3.739,27.361,0
27.433,3.739,27.433,0
27.506,3.739,27.506,0
27.579,3.739,27.579,0
27.653,3.739,27.653,0
27.727,3.739,27.727,0
27.801,3.739,27.801,0
27.876,3.739,27.876,0
28.027,3.739,28.027,0
28.103,3.739,28.103,0
28.725,3.739,28.725,0
28.805,3.739,28.805,0
28.885,3.739,28.885,0
28.966,3.739,28.966,0
29.047,3.739,29.047,0
29.628,3.739,29.628,0
