0.35028,1.677,0.35028,2.634
0.35187,1.688,0.35187,2.646
0.35347,1.699,0.35347,2.657
0.35506,1.71,0.35506,2.667
0.35666,1.721,0.35666,2.678
0.35825,1.733,0.35825,2.689
0.35985,1.744,0.35985,2.7
0.36144,1.755,0.36144,2.71
0.36303,1.767,0.36303,2.721
0.36463,1.778,0.36463,2.731
0.36622,1.789,0.36622,2.742
0.36782,1.801,0.36782,2.752
0.36941,1.812,0.36941,2.762
0.37101,1.824,0.37101,2.772
0.3726,1.835,0.3726,2.782
0.37419,1.847,0.37419,2.792
0.37579,1.858,0.37579,2.802
0.37738,1.87,0.37738,2.812
0.37898,1.882,0.37898,2.822
0.38057,1.893,0.38057,2.831
0.38217,1.905,0.38217,2.841
0.38376,1.917,0.38376,2.851
0.38535,1.929,0.38535,2.86
0.38695,1.94,0.38695,2.869
0.38854,1.952,0.38854,2.879
0.39014,1.964,0.39014,2.888
0.39173,1.976,0.39173,2.897
0.39332,1.988,0.39332,2.906
0.39492,2,0.39492,2.915
0.39651,2.012,0.39651,2.924
0.39811,2.023,0.39811,2.933
0.3997,2.035,0.3997,2.942
0.4013,2.047,0.4013,2.95
0.40289,2.059,0.40289,2.959
0.40448,2.072,0.40448,2.968
0.40608,2.084,0.40608,2.976
0.40767,2.096,0.40767,2.985
0.40927,2.108,0.40927,2.993
0.41086,2.12,0.41086,3.001
0.41245,2.132,0.41245,3.01
0.41405,2.144,0.41405,3.018
0.41564,2.156,0.41564,3.026
0.41724,2.169,0.41724,3.034
0.41883,2.181,0.41883,3.042
0.42042,2.193,0.42042,3.05
0.42202,2.205,0.42202,3.057
0.42361,2.218,0.42361,3.065
0.42521,2.23,0.42521,3.073
0.4268,2.242,0.4268,3.08
0.42839,2.255,0.42839,3.088
0.42999,2.267,0.42999,3.095
0.43158,2.279,0.43158,3.103
0.43318,2.292,0.43318,3.11
0.43477,2.304,0.43477,3.117
0.43636,2.316,0.43636,3.125
0.43796,2.329,0.43796,3.132
0.43955,2.341,0.43955,3.139
0.44115,2.354,0.44115,3.146
0.44274,2.366,0.44274,3.153
0.44433,2.379,0.44433,3.16
0.44593,2.391,0.44593,3.166
0.44752,2.404,0.44752,3.173
0.44911,2.416,0.44911,3.18
0.45071,2.429,0.45071,3.186
0.4523,2.441,0.4523,3.193
0.4539,2.454,0.4539,3.199
0.45549,2.466,0.45549,3.206
0.45708,2.479,0.45708,3.212
0.45868,2.492,0.45868,3.218
0.46027,2.504,0.46027,3.225
0.46186,2.517,0.46186,3.231
0.46346,2.529,0.46346,3.237
0.46505,2.542,0.46505,3.243
0.46664,2.555,0.46664,3.249
0.46824,2.567,0.46824,3.255
0.46983,2.58,0.46983,3.26
0.47142,2.592,0.47142,3.266
0.47302,2.605,0.47302,3.272
0.47461,2.618,0.47461,3.277
0.4762,2.63,0.4762,3.283
0.4778,2.643,0.4778,3.288
0.47939,2.656,0.47939,3.294
0.48098,2.668,0.48098,3.299
0.48258,2.681,0.48258,3.305
0.48417,2.694,0.48417,3.31
0.48576,2.707,0.48576,3.315
0.48736,2.719,0.48736,3.32
0.48895,2.732,0.48895,3.325
0.49054,2.745,0.49054,3.33
0.49213,2.757,0.49213,3.335
0.49373,2.77,0.49373,3.34
0.49532,2.783,0.49532,3.345
0.49691,2.796,0.49691,3.349
0.49851,2.808,0.49851,3.354
0.5001,2.821,0.5001,3.359
0.50169,2.834,0.50169,3.363
0.50328,2.846,0.50328,3.368
0.50488,2.859,0.50488,3.372
0.50647,2.872,0.50647,3.377
0.50806,2.885,0.50806,3.381
0.50965,2.897,0.50965,3.385
0.51125,2.91,0.51125,3.389
0.51284,2.923,0.51284,3.393
0.51443,2.936,0.51443,3.398
0.51602,2.948,0.51602,3.402
0.51762,2.961,0.51762,3.405
0.51921,2.974,0.51921,3.409
0.5208,2.986,0.5208,3.413
0.52239,2.999,0.52239,3.417
0.52399,3.012,0.52399,3.421
0.52558,3.025,0.52558,3.424
0.52717,3.037,0.52717,3.428
0.52876,3.05,0.52876,3.431
0.53035,3.063,0.53035,3.435
0.53195,3.075,0.53195,3.438
0.53354,3.088,0.53354,3.442
0.53513,3.101,0.53513,3.445
0.53672,3.113,0.53672,3.448
0.53831,3.126,0.53831,3.451
0.53991,3.139,0.53991,3.454
0.5415,3.151,0.5415,3.457
0.54309,3.164,0.54309,3.46
0.54468,3.177,0.54468,3.463
0.54627,3.189,0.54627,3.466
0.54786,3.202,0.54786,3.469
0.54946,3.215,0.54946,3.472
0.55105,3.227,0.55105,3.475
0.55264,3.24,0.55264,3.477
0.55423,3.253,0.55423,3.48
0.55582,3.265,0.55582,3.482
0.55741,3.278,0.55741,3.485
0.559,3.29,0.559,3.487
0.5606,3.303,0.5606,3.49
0.56219,3.316,0.56219,3.492
0.56378,3.328,0.56378,3.494
0.56537,3.341,0.56537,3.496
0.56696,3.353,0.56696,3.499
0.56855,3.366,0.56855,3.501
0.57014,3.378,0.57014,3.503
0.57173,3.391,0.57173,3.505
0.57332,3.403,0.57332,3.507
0.57491,3.416,0.57491,3.509
0.5765,3.428,0.5765,3.51
0.5781,3.441,0.5781,3.512
0.57969,3.453,0.57969,3.514
0.58128,3.466,0.58128,3.515
0.58287,3.478,0.58287,3.517
0.58446,3.49,0.58446,3.519
0.58605,3.503,0.58605,3.52
0.58764,3.515,0.58764,3.522
0.58923,3.528,0.58923,3.523
0.59082,3.54,0.59082,3.524
0.59241,3.552,0.59241,3.526
0.594,3.565,0.594,3.527
0.59559,3.577,0.59559,3.528
0.59718,3.589,0.59718,3.529
0.59877,3.602,0.59877,3.53
0.60036,3.614,0.60036,3.531
0.60195,3.626,0.60195,3.532
0.60354,3.638,0.60354,3.533
0.60513,3.651,0.60513,3.534
0.60672,3.663,0.60672,3.535
0.60831,3.675,0.60831,3.536
0.6099,3.687,0.6099,3.536
0.61148,3.699,0.61148,3.537
0.61307,3.711,0.61307,3.538
0.61466,3.724,0.61466,3.538
0.61625,3.736,0.61625,3.539
0.61784,3.748,0.61784,3.539
0.61943,3.76,0.61943,3.54
0.62102,3.772,0.62102,3.54
0.62261,3.784,0.62261,3.54
0.6242,3.796,0.6242,3.541
0.62579,3.808,0.62579,3.541
0.62738,3.82,0.62738,3.541
0.62896,3.832,0.62896,3.541
0.63055,3.844,0.63055,3.541
0.63214,3.856,0.63214,3.541
0.63373,3.868,0.63373,3.541
0.63532,3.88,0.63532,3.541
0.63691,3.892,0.63691,3.541
0.63849,3.903,0.63849,3.541
0.64008,3.915,0.64008,3.541
0.64167,3.927,0.64167,3.54
0.64326,3.939,0.64326,3.54
0.64485,3.951,0.64485,3.54
0.64643,3.962,0.64643,3.539
0.64802,3.974,0.64802,3.539
0.64961,3.986,0.64961,3.538
0.6512,3.998,0.6512,3.538
0.65279,4.009,0.65279,3.537
0.65437,4.021,0.65437,3.537
0.65596,4.032,0.65596,3.536
0.65755,4.044,0.65755,3.535
0.65914,4.056,0.65914,3.535
0.66072,4.067,0.66072,3.534
0.66231,4.079,0.66231,3.533
0.6639,4.09,0.6639,3.532
0.66548,4.102,0.66548,3.531
0.66707,4.113,0.66707,3.53
0.66866,4.125,0.66866,3.529
0.67024,4.136,0.67024,3.528
0.67183,4.148,0.67183,3.527
0.67342,4.159,0.67342,3.526
0.675,4.17,0.675,3.525
0.67659,4.182,0.67659,3.523
0.67818,4.193,0.67818,3.522
0.67976,4.204,0.67976,3.521
0.68135,4.215,0.68135,3.52
0.68294,4.227,0.68294,3.518
0.68452,4.238,0.68452,3.517
0.68611,4.249,0.68611,3.515
0.68769,4.26,0.68769,3.514
0.68928,4.271,0.68928,3.512
0.69087,4.282,0.69087,3.511
0.69245,4.293,0.69245,3.509
0.69404,4.304,0.69404,3.507
0.69562,4.316,0.69562,3.506
0.69721,4.327,0.69721,3.504
0.69879,4.337,0.69879,3.502
0.70038,4.348,0.70038,3.5
0.70196,4.359,0.70196,3.498
0.70355,4.37,0.70355,3.496
0.70513,4.381,0.70513,3.494
0.70672,4.392,0.70672,3.492
0.7083,4.403,0.7083,3.49
0.70989,4.414,0.70989,3.488
0.71147,4.424,0.71147,3.486
0.71306,4.435,0.71306,3.484
0.71464,4.446,0.71464,3.482
0.71623,4.456,0.71623,3.48
0.71781,4.467,0.71781,3.478
0.71939,4.478,0.71939,3.475
0.72098,4.488,0.72098,3.473
0.72256,4.499,0.72256,3.471
0.72415,4.509,0.72415,3.468
0.72573,4.52,0.72573,3.466
0.72731,4.53,0.72731,3.463
0.7289,4.541,0.7289,3.461
0.73048,4.551,0.73048,3.458
0.73207,4.562,0.73207,3.456
0.73365,4.572,0.73365,3.453
0.73523,4.582,0.73523,3.45
0.73681,4.593,0.73681,3.448
0.7384,4.603,0.7384,3.445
0.73998,4.613,0.73998,3.442
0.74156,4.624,0.74156,3.44
0.74315,4.634,0.74315,3.437
0.74473,4.644,0.74473,3.434
0.74631,4.654,0.74631,3.431
0.74789,4.664,0.74789,3.428
0.74948,4.674,0.74948,3.425
0.75106,4.684,0.75106,3.422
0.75264,4.694,0.75264,3.419
0.75422,4.704,0.75422,3.416
0.75581,4.714,0.75581,3.413
0.75739,4.724,0.75739,3.41
0.75897,4.734,0.75897,3.407
0.76055,4.744,0.76055,3.404
0.76213,4.754,0.76213,3.401
0.76371,4.764,0.76371,3.398
0.7653,4.773,0.7653,3.394
0.76688,4.783,0.76688,3.391
0.76846,4.793,0.76846,3.388
0.77004,4.803,0.77004,3.384
0.77162,4.812,0.77162,3.381
0.7732,4.822,0.7732,3.378
0.77478,4.831,0.77478,3.374
0.77636,4.841,0.77636,3.371
0.77794,4.851,0.77794,3.367
0.77952,4.86,0.77952,3.364
0.7811,4.87,0.7811,3.36
0.78269,4.879,0.78269,3.357
0.78427,4.888,0.78427,3.353
0.78585,4.898,0.78585,3.35
0.78743,4.907,0.78743,3.346
0.78901,4.916,0.78901,3.342
0.79059,4.926,0.79059,3.339
0.79216,4.935,0.79216,3.335
0.79374,4.944,0.79374,3.331
0.79532,4.953,0.79532,3.327
0.7969,4.963,0.7969,3.324
0.79848,4.972,0.79848,3.32
0.80006,4.981,0.80006,3.316
0.80164,4.99,0.80164,3.312
0.80322,4.999,0.80322,3.308
0.8048,5.008,0.8048,3.304
0.80638,5.017,0.80638,3.3
0.80796,5.026,0.80796,3.296
0.80953,5.035,0.80953,3.292
0.81111,5.044,0.81111,3.288
0.81269,5.053,0.81269,3.284
0.81427,5.061,0.81427,3.28
0.81585,5.07,0.81585,3.276
0.81742,5.079,0.81742,3.272
0.819,5.088,0.819,3.268
0.82058,5.096,0.82058,3.264
0.82216,5.105,0.82216,3.259
0.82373,5.114,0.82373,3.255
0.82531,5.122,0.82531,3.251
0.82689,5.131,0.82689,3.247
0.82847,5.139,0.82847,3.243
0.83004,5.148,0.83004,3.238
0.83162,5.156,0.83162,3.234
0.8332,5.165,0.8332,3.23
0.83477,5.173,0.83477,3.225
0.83635,5.182,0.83635,3.221
0.83793,5.19,0.83793,3.216
0.8395,5.198,0.8395,3.212
0.84108,5.207,0.84108,3.208
0.84266,5.215,0.84266,3.203
0.84423,5.223,0.84423,3.199
0.84581,5.231,0.84581,3.194
0.84738,5.239,0.84738,3.19
0.84896,5.248,0.84896,3.185
0.85053,5.256,0.85053,3.181
0.85211,5.264,0.85211,3.176
0.85368,5.272,0.85368,3.171
0.85526,5.28,0.85526,3.167
0.85683,5.288,0.85683,3.162
0.85841,5.296,0.85841,3.158
0.85998,5.304,0.85998,3.153
0.86156,5.311,0.86156,3.148
0.86313,5.319,0.86313,3.144
0.86471,5.327,0.86471,3.139
0.86628,5.335,0.86628,3.134
0.86785,5.343,0.86785,3.129
0.86943,5.35,0.86943,3.125
0.871,5.358,0.871,3.12
0.87258,5.366,0.87258,3.115
0.87415,5.373,0.87415,3.11
0.87572,5.381,0.87572,3.105
0.8773,5.388,0.8773,3.101
0.87887,5.396,0.87887,3.096
0.88044,5.403,0.88044,3.091
0.88202,5.411,0.88202,3.086
0.88359,5.418,0.88359,3.081
0.88516,5.426,0.88516,3.076
0.88673,5.433,0.88673,3.071
0.88831,5.44,0.88831,3.066
0.88988,5.448,0.88988,3.061
0.89145,5.455,0.89145,3.056
0.89302,5.462,0.89302,3.051
0.89459,5.469,0.89459,3.046
0.89617,5.477,0.89617,3.041
0.89774,5.484,0.89774,3.036
0.89931,5.491,0.89931,3.031
0.90088,5.498,0.90088,3.026
0.90245,5.505,0.90245,3.021
0.90402,5.512,0.90402,3.016
0.90559,5.519,0.90559,3.011
0.90716,5.526,0.90716,3.006
0.90874,5.533,0.90874,3.001
0.91031,5.54,0.91031,2.996
0.91188,5.547,0.91188,2.99
0.91345,5.554,0.91345,2.985
0.91502,5.56,0.91502,2.98
0.91659,5.567,0.91659,2.975
0.91816,5.574,0.91816,2.97
0.91973,5.581,0.91973,2.964
0.9213,5.587,0.9213,2.959
0.92286,5.594,0.92286,2.954
0.92443,5.601,0.92443,2.949
0.926,5.607,0.926,2.944
0.92757,5.614,0.92757,2.938
0.92914,5.62,0.92914,2.933
0.93071,5.627,0.93071,2.928
0.93228,5.633,0.93228,2.922
0.93385,5.64,0.93385,2.917
0.93541,5.646,0.93541,2.912
0.93698,5.652,0.93698,2.906
0.93855,5.659,0.93855,2.901
0.94012,5.665,0.94012,2.896
0.94169,5.671,0.94169,2.89
0.94325,5.678,0.94325,2.885
0.94482,5.684,0.94482,2.88
0.94639,5.69,0.94639,2.874
0.94796,5.696,0.94796,2.869
0.94952,5.702,0.94952,2.864
0.95109,5.708,0.95109,2.858
0.95266,5.714,0.95266,2.853
0.95422,5.721,0.95422,2.847
0.95579,5.727,0.95579,2.842
0.95736,5.733,0.95736,2.836
0.95892,5.738,0.95892,2.831
0.96049,5.744,0.96049,2.826
0.96205,5.75,0.96205,2.82
0.96362,5.756,0.96362,2.815
0.96518,5.762,0.96518,2.809
0.96675,5.768,0.96675,2.804
0.96832,5.774,0.96832,2.798
0.96988,5.779,0.96988,2.793
0.97145,5.785,0.97145,2.787
0.97301,5.791,0.97301,2.782
0.97457,5.796,0.97457,2.776
0.97614,5.802,0.97614,2.771
0.9777,5.808,0.9777,2.765
0.97927,5.813,0.97927,2.76
0.98083,5.819,0.98083,2.754
0.9824,5.824,0.9824,2.749
0.98396,5.83,0.98396,2.743
0.98552,5.835,0.98552,2.738
0.98709,5.841,0.98709,2.732
0.98865,5.846,0.98865,2.726
0.99021,5.851,0.99021,2.721
0.99177,5.857,0.99177,2.715
0.99334,5.862,0.99334,2.71
0.9949,5.867,0.9949,2.704
0.99646,5.873,0.99646,2.699
0.99802,5.878,0.99802,2.693
0.99959,5.883,0.99959,2.687
1.0115,5.922,1.0115,2.645
1.0149,5.933,1.0149,2.632
1.0183,5.943,1.0183,2.62
1.0218,5.954,1.0218,2.608
1.0252,5.964,1.0252,2.595
1.0286,5.975,1.0286,2.583
1.032,5.985,1.032,2.571
1.0354,5.995,1.0354,2.558
1.0388,6.005,1.0388,2.546
1.0422,6.015,1.0422,2.533
1.0456,6.024,1.0456,2.521
1.0491,6.034,1.0491,2.508
1.0525,6.043,1.0525,2.496
1.0559,6.053,1.0559,2.484
1.0593,6.062,1.0593,2.471
1.0627,6.071,1.0627,2.459
1.0661,6.08,1.0661,2.446
1.0695,6.089,1.0695,2.434
1.073,6.097,1.073,2.421
1.0764,6.106,1.0764,2.409
1.0798,6.114,1.0798,2.396
1.0832,6.123,1.0832,2.384
1.0866,6.131,1.0866,2.372
1.09,6.139,1.09,2.359
1.0935,6.147,1.0935,2.347
1.0969,6.155,1.0969,2.334
1.1003,6.163,1.1003,2.322
1.1037,6.171,1.1037,2.309
1.1071,6.178,1.1071,2.297
1.1105,6.186,1.1105,2.284
1.114,6.193,1.114,2.272
1.1174,6.2,1.1174,2.26
1.1208,6.207,1.1208,2.247
1.1242,6.214,1.1242,2.235
1.1276,6.221,1.1276,2.223
1.1311,6.228,1.1311,2.21
1.1345,6.235,1.1345,2.198
1.1379,6.242,1.1379,2.185
1.1413,6.248,1.1413,2.173
1.1447,6.254,1.1447,2.161
1.1482,6.261,1.1482,2.149
1.1516,6.267,1.1516,2.136
1.155,6.273,1.155,2.124
1.1584,6.279,1.1584,2.112
1.1619,6.285,1.1619,2.099
1.1653,6.291,1.1653,2.087
1.1687,6.296,1.1687,2.075
1.1721,6.302,1.1721,2.063
1.1756,6.308,1.1756,2.051
1.179,6.313,1.179,2.039
1.1824,6.318,1.1824,2.026
1.1858,6.324,1.1858,2.014
1.1893,6.329,1.1893,2.002
1.1927,6.334,1.1927,1.99
1.1961,6.339,1.1961,1.978
1.1995,6.343,1.1995,1.966
1.203,6.348,1.203,1.954
1.2064,6.353,1.2064,1.942
1.2098,6.357,1.2098,1.93
1.2132,6.362,1.2132,1.918
1.2167,6.366,1.2167,1.907
1.2201,6.371,1.2201,1.895
1.2235,6.375,1.2235,1.883
1.227,6.379,1.227,1.871
1.2304,6.383,1.2304,1.859
1.2338,6.387,1.2338,1.848
1.2373,6.391,1.2373,1.836
1.2407,6.395,1.2407,1.824
1.2441,6.398,1.2441,1.813
1.2475,6.402,1.2475,1.801
1.251,6.406,1.251,1.789
1.2544,6.409,1.2544,1.778
1.2578,6.412,1.2578,1.766
1.2613,6.416,1.2613,1.755
1.2647,6.419,1.2647,1.743
1.2681,6.422,1.2681,1.732
1.2716,6.425,1.2716,1.72
1.275,6.428,1.275,1.709
1.2784,6.431,1.2784,1.698
1.2819,6.434,1.2819,1.686
1.2853,6.437,1.2853,1.675
1.2887,6.439,1.2887,1.664
1.2922,6.442,1.2922,1.652
1.2956,6.444,1.2956,1.641
1.299,6.447,1.299,1.63
1.3025,6.449,1.3025,1.619
1.3059,6.452,1.3059,1.608
1.3094,6.454,1.3094,1.597
1.3128,6.456,1.3128,1.586
1.3162,6.458,1.3162,1.575
1.3197,6.46,1.3197,1.564
1.3231,6.462,1.3231,1.553
1.3265,6.464,1.3265,1.542
1.33,6.466,1.33,1.531
1.3334,6.468,1.3334,1.52
1.3369,6.469,1.3369,1.51
1.3403,6.471,1.3403,1.499
1.3437,6.472,1.3437,1.488
1.3472,6.474,1.3472,1.478
1.3506,6.475,1.3506,1.467
1.3541,6.477,1.3541,1.456
1.3575,6.478,1.3575,1.446
1.3609,6.479,1.3609,1.435
1.3644,6.48,1.3644,1.425
1.3678,6.481,1.3678,1.414
1.3713,6.483,1.3713,1.404
1.3747,6.484,1.3747,1.394
1.3782,6.484,1.3782,1.383
1.3816,6.485,1.3816,1.373
1.385,6.486,1.385,1.363
1.3885,6.487,1.3885,1.353
1.3919,6.488,1.3919,1.342
1.3954,6.488,1.3954,1.332
1.3988,6.489,1.3988,1.322
1.4023,6.489,1.4023,1.312
1.4057,6.49,1.4057,1.302
1.4092,6.49,1.4092,1.292
1.4126,6.49,1.4126,1.282
1.416,6.491,1.416,1.272
1.4195,6.491,1.4195,1.262
1.4229,6.491,1.4229,1.253
1.4264,6.491,1.4264,1.243
1.4298,6.491,1.4298,1.233
1.4333,6.491,1.4333,1.223
1.4367,6.491,1.4367,1.214
1.4402,6.491,1.4402,1.204
1.4436,6.491,1.4436,1.195
1.4471,6.491,1.4471,1.185
1.4505,6.491,1.4505,1.176
1.454,6.49,1.454,1.166
1.4574,6.49,1.4574,1.157
1.4609,6.49,1.4609,1.147
1.4643,6.489,1.4643,1.138
1.4678,6.489,1.4678,1.129
1.4712,6.488,1.4712,1.12
1.4747,6.488,1.4747,1.11
1.4781,6.487,1.4781,1.101
1.4816,6.486,1.4816,1.092
1.485,6.486,1.485,1.083
1.4885,6.485,1.4885,1.074
1.4919,6.484,1.4919,1.065
1.4954,6.483,1.4954,1.056
1.4988,6.482,1.4988,1.047
1.5023,6.481,1.5023,1.038
1.5057,6.481,1.5057,1.029
1.5092,6.479,1.5092,1.021
1.5127,6.478,1.5127,1.012
1.5161,6.477,1.5161,1.003
1.5196,6.476,1.5196,0.994
1.523,6.475,1.523,0.986
1.5265,6.474,1.5265,0.977
1.5299,6.473,1.5299,0.969
1.5334,6.471,1.5334,0.96
1.5368,6.47,1.5368,0.952
1.5403,6.468,1.5403,0.943
1.5438,6.467,1.5438,0.935
1.5472,6.466,1.5472,0.927
1.5507,6.464,1.5507,0.918
1.5541,6.463,1.5541,0.91
1.5576,6.461,1.5576,0.902
1.561,6.459,1.561,0.894
1.5645,6.458,1.5645,0.886
1.568,6.456,1.568,0.878
1.5714,6.454,1.5714,0.869
1.5749,6.453,1.5749,0.861
1.5783,6.451,1.5783,0.854
1.5818,6.449,1.5818,0.846
1.5853,6.447,1.5853,0.838
1.5887,6.445,1.5887,0.83
1.5922,6.443,1.5922,0.822
1.5957,6.441,1.5957,0.814
1.5991,6.439,1.5991,0.807
1.6026,6.437,1.6026,0.799
1.606,6.435,1.606,0.791
1.6095,6.433,1.6095,0.784
1.613,6.431,1.613,0.776
1.6164,6.429,1.6164,0.769
1.6199,6.427,1.6199,0.761
1.6234,6.424,1.6234,0.754
1.6268,6.422,1.6268,0.747
1.6303,6.42,1.6303,0.739
1.6337,6.418,1.6337,0.732
1.6372,6.415,1.6372,0.725
1.6407,6.413,1.6407,0.717
1.6441,6.411,1.6441,0.71
1.6476,6.408,1.6476,0.703
1.6511,6.406,1.6511,0.696
1.6545,6.403,1.6545,0.689
1.658,6.401,1.658,0.682
1.66,6.399,1.66,0.678
1.6615,6.398,1.6615,0.675
1.6649,6.396,1.6649,0.668
1.6684,6.393,1.6684,0.661
1.6699,6.392,1.6699,0.658
1.6719,6.39,1.6719,0.654
1.6754,6.388,1.6754,0.648
1.6788,6.385,1.6788,0.641
1.6799,6.384,1.6799,0.639
1.6823,6.382,1.6823,0.634
1.6858,6.38,1.6858,0.628
1.6892,6.377,1.6892,0.621
1.69,6.376,1.69,0.619
1.7,6.368,1.7,0.601
1.7098,6.36,1.7098,0.583
1.72,6.352,1.72,0.564
1.7297,6.343,1.7297,0.547
1.7399,6.334,1.7399,0.529
1.7499,6.326,1.7499,0.512
1.76,6.316,1.76,0.495
1.7699,6.307,1.7699,0.479
1.7799,6.298,1.7799,0.462
1.7898,6.288,1.7898,0.447
1.7997,6.279,1.7997,0.431
1.8097,6.269,1.8097,0.416
1.8199,6.259,1.8199,0.401
1.8299,6.249,1.8299,0.387
1.8399,6.239,1.8399,0.373
1.8498,6.229,1.8498,0.359
1.8597,6.218,1.8597,0.346
1.8698,6.208,1.8698,0.333
1.88,6.197,1.88,0.32
1.8899,6.187,1.8899,0.307
1.8999,6.176,1.8999,0.295
1.9097,6.165,1.9097,0.283
1.92,6.154,1.92,0.271
1.93,6.143,1.93,0.26
1.9397,6.133,1.9397,0.25
1.9499,6.122,1.9499,0.239
1.9599,6.111,1.9599,0.229
1.97,6.1,1.97,0.219
1.9797,6.089,1.9797,0.209
1.99,6.077,1.99,0.2
2,6.066,2,0.191
2.0097,6.055,2.0097,0.182
2.0198,6.044,2.0198,0.174
2.0297,6.033,2.0297,0.166
2.0397,6.022,2.0397,0.158
2.0498,6.011,2.0498,0.151
2.06,5.999,2.06,0.143
2.0698,5.988,2.0698,0.137
2.0798,5.977,2.0798,0.13
2.0898,5.966,2.0898,0.124
2.0996,5.955,2.0996,0.118
2.1098,5.944,2.1098,0.112
2.1197,5.933,2.1197,0.107
2.1298,5.922,2.1298,0.102
2.1399,5.911,2.1399,0.097
2.1496,5.901,2.1496,0.093
2.1599,5.889,2.1599,0.089
2.1699,5.879,2.1699,0.085
2.1799,5.868,2.1799,0.081
2.1896,5.858,2.1896,0.078
2.1998,5.848,2.1998,0.075
2.2096,5.838,2.2096,0.072
2.2196,5.828,2.2196,0.07
2.2296,5.818,2.2296,0.068
2.2397,5.808,2.2397,0.066
2.2499,5.798,2.2499,0.064
2.2597,5.789,2.2597,0.063
2.2696,5.779,2.2696,0.062
2.2796,5.77,2.2796,0.061
2.2896,5.761,2.2896,0.061
2.2998,5.753,2.2998,0.061
2.3095,5.745,2.3095,0.061
2.3199,5.737,2.3199,0.061
2.3298,5.729,2.3298,0.062
2.3398,5.722,2.3398,0.062
2.3498,5.715,2.3498,0.062
2.36,5.708,2.36,0.063
2.3697,5.702,2.3697,0.063
2.3795,5.696,2.3795,0.063
2.3899,5.69,2.3899,0.064
2.3999,5.684,2.3999,0.064
2.4099,5.678,2.4099,0.065
2.4195,5.673,2.4195,0.065
2.4297,5.667,2.4297,0.065
2.44,5.662,2.44,0.066
2.4498,5.657,2.4498,0.066
2.4596,5.652,2.4596,0.066
2.4696,5.647,2.4696,0.067
2.4796,5.642,2.4796,0.067
2.4898,5.637,2.4898,0.067
2.5,5.632,2.5,0.068
2.5096,5.628,2.5096,0.068
2.5194,5.624,2.5194,0.068
2.5298,5.619,2.5298,0.069
2.5398,5.615,2.5398,0.069
2.5497,5.611,2.5497,0.069
2.5598,5.607,2.5598,0.07
2.57,5.602,2.57,0.07
2.5796,5.599,2.5796,0.07
2.5899,5.595,2.5899,0.071
2.5996,5.591,2.5996,0.071
2.6094,5.587,2.6094,0.071
2.62,5.583,2.62,0.072
2.6299,5.58,2.6299,0.072
2.64,5.576,2.64,0.072
2.6494,5.573,2.6494,0.073
2.6596,5.57,2.6596,0.073
2.6699,5.566,2.6699,0.073
2.6795,5.563,2.6795,0.074
2.69,5.559,2.69,0.074
2.6998,5.556,2.6998,0.074
2.7096,5.553,2.7096,0.075
2.7196,5.55,2.7196,0.075
2.7296,5.547,2.7296,0.075
2.7397,5.544,2.7397,0.076
2.7499,5.541,2.7499,0.076
2.7594,5.538,2.7594,0.076
2.7697,5.535,2.7697,0.076
2.7794,5.533,2.7794,0.077
2.7898,5.53,2.7898,0.077
2.7996,5.527,2.7996,0.077
2.8095,5.524,2.8095,0.078
2.8194,5.522,2.8194,0.078
2.8294,5.519,2.8294,0.078
2.8395,5.517,2.8395,0.079
2.8496,5.514,2.8496,0.079
2.8599,5.511,2.8599,0.079
2.8693,5.509,2.8693,0.08
2.8797,5.507,2.8797,0.08
2.8893,5.504,2.8893,0.08
2.8998,5.502,2.8998,0.081
2.9096,5.5,2.9096,0.081
2.9194,5.497,2.9194,0.081
2.9293,5.495,2.9293,0.082
2.9393,5.493,2.9393,0.082
2.9493,5.491,2.9493,0.082
2.9594,5.488,2.9594,0.083
2.9696,5.486,2.9696,0.083
2.9798,5.484,2.9798,0.083
2.9893,5.482,2.9893,0.084
2.9997,5.48,2.9997,0.084
3.0092,5.478,3.0092,0.084
3.0197,5.476,3.0197,0.085
3.0295,5.474,3.0295,0.085
3.0392,5.472,3.0392,0.085
3.0499,5.47,3.0499,0.086
3.0598,5.468,3.0598,0.086
3.0698,5.466,3.0698,0.086
3.0798,5.464,3.0798,0.086
3.0899,5.463,3.0899,0.087
3.0992,5.461,3.0992,0.087
3.1094,5.459,3.1094,0.087
3.1197,5.457,3.1197,0.088
3.1291,5.456,3.1291,0.088
3.1395,5.454,3.1395,0.088
3.149,5.452,3.149,0.089
3.1596,5.45,3.1596,0.089
3.1693,5.449,3.1693,0.089
3.1799,5.447,3.1799,0.09
3.1897,5.446,3.1897,0.09
3.1996,5.444,3.1996,0.09
3.2095,5.442,3.2095,0.091
3.2194,5.441,3.2194,0.091
3.2295,5.439,3.2295,0.091
3.2396,5.438,3.2396,0.092
3.2497,5.436,3.2497,0.092
3.2599,5.435,3.2599,0.092
3.2692,5.433,3.2692,0.092
3.2795,5.432,3.2795,0.093
3.2899,5.43,3.2899,0.093
3.2993,5.429,3.2993,0.093
3.3099,5.427,3.3099,0.094
3.3194,5.426,3.3194,0.094
3.329,5.425,3.329,0.094
3.3397,5.423,3.3397,0.095
3.3494,5.422,3.3494,0.095
3.3592,5.421,3.3592,0.095
3.369,5.419,3.369,0.096
3.38,5.418,3.38,0.096
3.3899,5.417,3.3899,0.096
3.3999,5.415,3.3999,0.097
3.4089,5.414,3.4089,0.097
3.419,5.413,3.419,0.097
3.4292,5.412,3.4292,0.097
3.4394,5.41,3.4394,0.098
3.4497,5.409,3.4497,0.098
3.4589,5.408,3.4589,0.098
3.4693,5.407,3.4693,0.099
3.4798,5.406,3.4798,0.099
3.4892,5.405,3.4892,0.099
3.4998,5.403,3.4998,0.1
3.5092,5.402,3.5092,0.1
3.52,5.401,3.52,0.1
3.5295,5.4,3.5295,0.101
3.5392,5.399,3.5392,0.101
3.5489,5.398,3.5489,0.101
3.5598,5.397,3.5598,0.102
3.5696,5.396,3.5696,0.102
3.5795,5.395,3.5795,0.102
3.5894,5.394,3.5894,0.102
3.5994,5.392,3.5994,0.103
3.6094,5.391,3.6094,0.103
3.6195,5.39,3.6195,0.103
3.6296,5.389,3.6296,0.104
3.6398,5.388,3.6398,0.104
3.6488,5.387,3.6488,0.104
3.6591,5.386,3.6591,0.105
3.6694,5.385,3.6694,0.105
3.6799,5.384,3.6799,0.105
3.689,5.384,3.689,0.106
3.6995,5.383,3.6995,0.106
3.7088,5.382,3.7088,0.106
3.7194,5.381,3.7194,0.107
3.7288,5.38,3.7288,0.107
3.7396,5.379,3.7396,0.107
3.749,5.378,3.749,0.107
3.7599,5.377,3.7599,0.108
3.7695,5.376,3.7695,0.108
3.7791,5.375,3.7791,0.108
3.7888,5.375,3.7888,0.109
3.7999,5.374,3.7999,0.109
3.8096,5.373,3.8096,0.109
3.8195,5.372,3.8195,0.11
3.8293,5.371,3.8293,0.11
3.8393,5.37,3.8393,0.11
3.8492,5.369,3.8492,0.111
3.8593,5.369,3.8593,0.111
3.8693,5.368,3.8693,0.111
3.8795,5.367,3.8795,0.111
3.8897,5.366,3.8897,0.112
3.8999,5.365,3.8999,0.112
3.9087,5.365,3.9087,0.112
3.9191,5.364,3.9191,0.113
3.9294,5.363,3.9294,0.113
3.9399,5.362,3.9399,0.113
3.9489,5.362,3.9489,0.114
3.9595,5.361,3.9595,0.114
3.9685,5.36,3.9685,0.114
3.9792,5.359,3.9792,0.115
3.9899,5.359,3.9899,0.115
3.9992,5.358,3.9992,0.115
4.01,5.357,4.01,0.115
4.0193,5.357,4.0193,0.116
4.0287,5.356,4.0287,0.116
4.0397,5.355,4.0397,0.116
4.0491,5.354,4.0491,0.117
4.0586,5.354,4.0586,0.117
4.0698,5.353,4.0698,0.117
4.0794,5.352,4.0794,0.118
4.089,5.352,4.089,0.118
4.0987,5.351,4.0987,0.118
4.1085,5.35,4.1085,0.119
4.1199,5.35,4.1199,0.119
4.1298,5.349,4.1298,0.119
4.1396,5.348,4.1396,0.119
4.1496,5.348,4.1496,0.12
4.1596,5.347,4.1596,0.12
4.1696,5.347,4.1696,0.12
4.1797,5.346,4.1797,0.121
4.1898,5.345,4.1898,0.121
4.1983,5.345,4.1983,0.121
4.2085,5.344,4.2085,0.122
4.2188,5.344,4.2188,0.122
4.2291,5.343,4.2291,0.122
4.2395,5.342,4.2395,0.123
4.2499,5.342,4.2499,0.123
4.2587,5.341,4.2587,0.123
4.2692,5.341,4.2692,0.123
4.2797,5.34,4.2797,0.124
4.2886,5.339,4.2886,0.124
4.2993,5.339,4.2993,0.124
4.31,5.338,4.31,0.125
4.319,5.338,4.319,0.125
4.3298,5.337,4.3298,0.125
4.3388,5.337,4.3388,0.126
4.3498,5.336,4.3498,0.126
4.3589,5.336,4.3589,0.126
4.3699,5.335,4.3699,0.127
4.3791,5.335,4.3791,0.127
4.3884,5.334,4.3884,0.127
4.3996,5.333,4.3996,0.127
4.4089,5.333,4.4089,0.128
4.4183,5.333,4.4183,0.128
4.4297,5.332,4.4297,0.128
4.4391,5.331,4.4391,0.129
4.4487,5.331,4.4487,0.129
4.4582,5.331,4.4582,0.129
4.4697,5.33,4.4697,0.13
4.4794,5.329,4.4794,0.13
4.4891,5.329,4.4891,0.13
4.4988,5.329,4.4988,0.13
4.5086,5.328,4.5086,0.131
4.5184,5.328,4.5184,0.131
4.5283,5.327,4.5283,0.131
4.5382,5.327,4.5382,0.132
4.5482,5.326,4.5482,0.132
4.5582,5.326,4.5582,0.132
4.5682,5.325,4.5682,0.133
4.5783,5.325,4.5783,0.133
4.5884,5.324,4.5884,0.133
4.5986,5.324,4.5986,0.134
4.6088,5.323,4.6088,0.134
4.6191,5.323,4.6191,0.134
4.6294,5.323,4.6294,0.134
4.6397,5.322,4.6397,0.135
4.6481,5.322,4.6481,0.135
4.6585,5.321,4.6585,0.135
4.669,5.321,4.669,0.136
4.6795,5.32,4.6795,0.136
4.688,5.32,4.688,0.136
4.6986,5.32,4.6986,0.137
4.7093,5.319,4.7093,0.137
4.72,5.319,4.72,0.137
4.7286,5.318,4.7286,0.138
4.7394,5.318,4.7394,0.138
4.7481,5.318,4.7481,0.138
4.759,5.317,4.759,0.138
4.7699,5.317,4.7699,0.139
4.7787,5.316,4.7787,0.139
4.7898,5.316,4.7898,0.139
4.7986,5.316,4.7986,0.14
4.8097,5.315,4.8097,0.14
4.8187,5.315,4.8187,0.14
4.8299,5.314,4.8299,0.141
4.8389,5.314,4.8389,0.141
4.848,5.314,4.848,0.141
4.8593,5.313,4.8593,0.141
4.8685,5.313,4.8685,0.142
4.8799,5.313,4.8799,0.142
4.8891,5.312,4.8891,0.142
4.8984,5.312,4.8984,0.143
4.91,5.311,4.91,0.143
4.9193,5.311,4.9193,0.143
4.9286,5.311,4.9286,0.144
4.938,5.31,4.938,0.144
4.9498,5.31,4.9498,0.144
4.9593,5.31,4.9593,0.145
4.9688,5.309,4.9688,0.145
4.9783,5.309,4.9783,0.145
4.9879,5.309,4.9879,0.145
4.9999,5.308,4.9999,0.146
5.0096,5.308,5.0096,0.146
5.0193,5.308,5.0193,0.146
5.029,5.307,5.029,0.147
5.0388,5.307,5.0388,0.147
5.0486,5.307,5.0486,0.147
5.0584,5.306,5.0584,0.148
5.0683,5.306,5.0683,0.148
5.0783,5.306,5.0783,0.148
5.0882,5.305,5.0882,0.148
5.0982,5.305,5.0982,0.149
5.1083,5.305,5.1083,0.149
5.1184,5.304,5.1184,0.149
5.1285,5.304,5.1285,0.15
5.1387,5.304,5.1387,0.15
5.1489,5.303,5.1489,0.15
5.1591,5.303,5.1591,0.151
5.1694,5.303,5.1694,0.151
5.1797,5.303,5.1797,0.151
5.1875,5.302,5.1875,0.151
5.1979,5.302,5.1979,0.152
5.2083,5.302,5.2083,0.152
5.2188,5.301,5.2188,0.152
5.2294,5.301,5.2294,0.153
5.2399,5.301,5.2399,0.153
5.2479,5.301,5.2479,0.153
5.2585,5.3,5.2585,0.154
5.2692,5.3,5.2692,0.154
5.2799,5.3,5.2799,0.154
5.288,5.299,5.288,0.155
5.2988,5.299,5.2988,0.155
5.3097,5.299,5.3097,0.155
5.3179,5.299,5.3179,0.155
5.3288,5.298,5.3288,0.156
5.3398,5.298,5.3398,0.156
5.348,5.298,5.348,0.156
5.3591,5.297,5.3591,0.157
5.3674,5.297,5.3674,0.157
5.3785,5.297,5.3785,0.157
5.3897,5.297,5.3897,0.158
5.3981,5.296,5.3981,0.158
5.4094,5.296,5.4094,0.158
5.4179,5.296,5.4179,0.158
5.4292,5.296,5.4292,0.159
5.4378,5.295,5.4378,0.159
5.4492,5.295,5.4492,0.159
5.4578,5.295,5.4578,0.16
5.4693,5.295,5.4693,0.16
5.478,5.294,5.478,0.16
5.4896,5.294,5.4896,0.161
5.4983,5.294,5.4983,0.161
5.51,5.294,5.51,0.161
5.5188,5.293,5.5188,0.161
5.5276,5.293,5.5276,0.162
5.5394,5.293,5.5394,0.162
5.5483,5.293,5.5483,0.162
5.5572,5.292,5.5572,0.163
5.5692,5.292,5.5692,0.163
5.5782,5.292,5.5782,0.163
5.5872,5.292,5.5872,0.164
5.5993,5.291,5.5993,0.164
5.6083,5.291,5.6083,0.164
5.6175,5.291,5.6175,0.164
5.6297,5.291,5.6297,0.165
5.6388,5.291,5.6388,0.165
5.648,5.29,5.648,0.165
5.6573,5.29,5.6573,0.166
5.6697,5.29,5.6697,0.166
5.679,5.29,5.679,0.166
5.6883,5.289,5.6883,0.167
5.6977,5.289,5.6977,0.167
5.7071,5.289,5.7071,0.167
5.7197,5.289,5.7197,0.168
5.7292,5.289,5.7292,0.168
5.7387,5.288,5.7387,0.168
5.7482,5.288,5.7482,0.168
5.7578,5.288,5.7578,0.169
5.7674,5.288,5.7674,0.169
5.7771,5.288,5.7771,0.169
5.79,5.287,5.79,0.17
5.7997,5.287,5.7997,0.17
5.8094,5.287,5.8094,0.17
5.8192,5.287,5.8192,0.171
5.829,5.286,5.829,0.171
5.8389,5.286,5.8389,0.171
5.8487,5.286,5.8487,0.171
5.8587,5.286,5.8587,0.172
5.8686,5.286,5.8686,0.172
5.8786,5.286,5.8786,0.172
5.8886,5.285,5.8886,0.173
5.8986,5.285,5.8986,0.173
5.9087,5.285,5.9087,0.173
5.9188,5.285,5.9188,0.174
5.929,5.285,5.929,0.174
5.9392,5.284,5.9392,0.174
5.9494,5.284,5.9494,0.175
5.9597,5.284,5.9597,0.175
5.97,5.284,5.97,0.175
5.9768,5.284,5.9768,0.175
5.9872,5.283,5.9872,0.176
5.9976,5.283,5.9976,0.176
6.008,5.283,6.008,0.176
6.0185,5.283,6.0185,0.177
6.029,5.283,6.029,0.177
6.0395,5.282,6.0395,0.177
6.0465,5.282,6.0465,0.177
6.0571,5.282,6.0571,0.178
6.0678,5.282,6.0678,0.178
6.0784,5.282,6.0784,0.178
6.0891,5.282,6.0891,0.179
6.0999,5.281,6.0999,0.179
6.1071,5.281,6.1071,0.179
6.1179,5.281,6.1179,0.18
6.1287,5.281,6.1287,0.18
6.1396,5.281,6.1396,0.18
6.1469,5.281,6.1469,0.18
6.1578,5.28,6.1578,0.181
6.1688,5.28,6.1688,0.181
6.1799,5.28,6.1799,0.181
6.1872,5.28,6.1872,0.182
6.1983,5.28,6.1983,0.182
6.2095,5.28,6.2095,0.182
6.2169,5.279,6.2169,0.183
6.2281,5.279,6.2281,0.183
6.2394,5.279,6.2394,0.183
6.2469,5.279,6.2469,0.183
6.2582,5.279,6.2582,0.184
6.2695,5.279,6.2695,0.184
6.2771,5.278,6.2771,0.184
6.2885,5.278,6.2885,0.185
6.2962,5.278,6.2962,0.185
6.3077,5.278,6.3077,0.185
6.3192,5.278,6.3192,0.186
6.3269,5.278,6.3269,0.186
6.3385,5.278,6.3385,0.186
6.3463,5.277,6.3463,0.186
6.358,5.277,6.358,0.187
6.3697,5.277,6.3697,0.187
6.3775,5.277,6.3775,0.187
6.3893,5.277,6.3893,0.188
6.3972,5.277,6.3972,0.188
6.409,5.276,6.409,0.188
6.417,5.276,6.417,0.189
6.4289,5.276,6.4289,0.189
6.4369,5.276,6.4369,0.189
6.4489,5.276,6.4489,0.19
6.4569,5.276,6.4569,0.19
6.469,5.276,6.469,0.19
6.4771,5.276,6.4771,0.19
6.4892,5.275,6.4892,0.191
6.4974,5.275,6.4974,0.191
6.5096,5.275,6.5096,0.191
6.5178,5.275,6.5178,0.192
6.526,5.275,6.526,0.192
6.5383,5.275,6.5383,0.192
6.5466,5.275,6.5466,0.193
6.559,5.274,6.559,0.193
6.5673,5.274,6.5673,0.193
6.5798,5.274,6.5798,0.194
6.5882,5.274,6.5882,0.194
6.5966,5.274,6.5966,0.194
6.6092,5.274,6.6092,0.194
6.6176,5.274,6.6176,0.195
6.6261,5.273,6.6261,0.195
6.6388,5.273,6.6388,0.195
6.6473,5.273,6.6473,0.196
6.6559,5.273,6.6559,0.196
6.6687,5.273,6.6687,0.196
6.6773,5.273,6.6773,0.196
6.6859,5.273,6.6859,0.197
6.6988,5.273,6.6988,0.197
6.7075,5.272,6.7075,0.197
6.7162,5.272,6.7162,0.198
6.7293,5.272,6.7293,0.198
6.738,5.272,6.738,0.198
6.7468,5.272,6.7468,0.199
6.76,5.272,6.76,0.199
6.7688,5.272,6.7688,0.199
6.7777,5.272,6.7777,0.199
6.7865,5.271,6.7865,0.2
6.7999,5.271,6.7999,0.2
6.8088,5.271,6.8088,0.2
6.8178,5.271,6.8178,0.201
6.8267,5.271,6.8267,0.201
6.8357,5.271,6.8357,0.201
6.8493,5.271,6.8493,0.202
6.8583,5.271,6.8583,0.202
6.8674,5.271,6.8674,0.202
6.8765,5.27,6.8765,0.202
6.8857,5.27,6.8857,0.203
6.8994,5.27,6.8994,0.203
6.9086,5.27,6.9086,0.203
6.9178,5.27,6.9178,0.204
6.9271,5.27,6.9271,0.204
6.9363,5.27,6.9363,0.204
6.9456,5.27,6.9456,0.205
6.9596,5.269,6.9596,0.205
6.969,5.269,6.969,0.205
6.9783,5.269,6.9783,0.205
6.9877,5.269,6.9877,0.206
6.9972,5.269,6.9972,0.206
7.0066,5.269,7.0066,0.206
7.0161,5.269,7.0161,0.207
7.0256,5.269,7.0256,0.207
7.0399,5.269,7.0399,0.207
7.0495,5.269,7.0495,0.208
7.0591,5.268,7.0591,0.208
7.0687,5.268,7.0687,0.208
7.0784,5.268,7.0784,0.208
7.0881,5.268,7.0881,0.209
7.0978,5.268,7.0978,0.209
7.1075,5.268,7.1075,0.209
7.1172,5.268,7.1172,0.21
7.127,5.268,7.127,0.21
7.1368,5.268,7.1368,0.21
7.1467,5.268,7.1467,0.211
7.1565,5.267,7.1565,0.211
7.1664,5.267,7.1664,0.211
7.1763,5.267,7.1763,0.211
7.1863,5.267,7.1863,0.212
7.1963,5.267,7.1963,0.212
7.2063,5.267,7.2063,0.212
7.2163,5.267,7.2163,0.213
7.2264,5.267,7.2264,0.213
7.2364,5.267,7.2364,0.213
7.2466,5.267,7.2466,0.214
7.2567,5.266,7.2567,0.214
7.2669,5.266,7.2669,0.214
7.2771,5.266,7.2771,0.214
7.2873,5.266,7.2873,0.215
7.2975,5.266,7.2975,0.215
7.3078,5.266,7.3078,0.215
7.3181,5.266,7.3181,0.216
7.3285,5.266,7.3285,0.216
7.3389,5.266,7.3389,0.216
7.3493,5.266,7.3493,0.217
7.3597,5.265,7.3597,0.217
7.3649,5.265,7.3649,0.217
7.3754,5.265,7.3754,0.217
7.3859,5.265,7.3859,0.218
7.3964,5.265,7.3964,0.218
7.407,5.265,7.407,0.218
7.4176,5.265,7.4176,0.219
7.4282,5.265,7.4282,0.219
7.4389,5.265,7.4389,0.219
7.4496,5.265,7.4496,0.22
7.4549,5.265,7.4549,0.22
7.4657,5.265,7.4657,0.22
7.4764,5.264,7.4764,0.22
7.4872,5.264,7.4872,0.221
7.4981,5.264,7.4981,0.221
7.5089,5.264,7.5089,0.221
7.5198,5.264,7.5198,0.222
7.5253,5.264,7.5253,0.222
7.5362,5.264,7.5362,0.222
7.5472,5.264,7.5472,0.223
7.5582,5.264,7.5582,0.223
7.5692,5.264,7.5692,0.223
7.5747,5.264,7.5747,0.223
7.5858,5.264,7.5858,0.224
7.5969,5.263,7.5969,0.224
7.6081,5.263,7.6081,0.224
7.6193,5.263,7.6193,0.225
7.6249,5.263,7.6249,0.225
7.6361,5.263,7.6361,0.225
7.6474,5.263,7.6474,0.226
7.6587,5.263,7.6587,0.226
7.67,5.263,7.67,0.226
7.6757,5.263,7.6757,0.226
7.687,5.263,7.687,0.227
7.6985,5.263,7.6985,0.227
7.7099,5.263,7.7099,0.227
7.7156,5.263,7.7156,0.228
7.7271,5.262,7.7271,0.228
7.7387,5.262,7.7387,0.228
7.7445,5.262,7.7445,0.228
7.756,5.262,7.756,0.229
7.7677,5.262,7.7677,0.229
7.7793,5.262,7.7793,0.23
7.7851,5.262,7.7851,0.23
7.7969,5.262,7.7969,0.23
7.8086,5.262,7.8086,0.23
7.8145,5.262,7.8145,0.231
7.8263,5.262,7.8263,0.231
7.8381,5.262,7.8381,0.231
7.85,5.262,7.85,0.232
7.8559,5.262,7.8559,0.232
7.8678,5.261,7.8678,0.232
7.8798,5.261,7.8798,0.233
7.8858,5.261,7.8858,0.233
7.8978,5.261,7.8978,0.233
7.9099,5.261,7.9099,0.233
7.9159,5.261,7.9159,0.234
7.928,5.261,7.928,0.234
7.9341,5.261,7.9341,0.234
7.9462,5.261,7.9462,0.235
7.9584,5.261,7.9584,0.235
7.9645,5.261,7.9645,0.235
7.9768,5.261,7.9768,0.235
7.9891,5.261,7.9891,0.236
7.9952,5.261,7.9952,0.236
8.0076,5.261,8.0076,0.236
8.02,5.26,8.02,0.237
8.0262,5.26,8.0262,0.237
8.0386,5.26,8.0386,0.237
8.0449,5.26,8.0449,0.237
8.0574,5.26,8.0574,0.238
8.0699,5.26,8.0699,0.238
8.0762,5.26,8.0762,0.238
8.0888,5.26,8.0888,0.239
8.0951,5.26,8.0951,0.239
8.1078,5.26,8.1078,0.239
8.1141,5.26,8.1141,0.24
8.1268,5.26,8.1268,0.24
8.1396,5.26,8.1396,0.24
8.146,5.26,8.146,0.24
8.1588,5.26,8.1588,0.241
8.1652,5.26,8.1652,0.241
8.1781,5.259,8.1781,0.241
8.1845,5.259,8.1845,0.242
8.1975,5.259,8.1975,0.242
8.204,5.259,8.204,0.242
8.217,5.259,8.217,0.243
8.2235,5.259,8.2235,0.243
8.2366,5.259,8.2366,0.243
8.2497,5.259,8.2497,0.244
8.2562,5.259,8.2562,0.244
8.2694,5.259,8.2694,0.244
8.276,5.259,8.276,0.244
8.2892,5.259,8.2892,0.245
8.2959,5.259,8.2959,0.245
8.3091,5.259,8.3091,0.245
8.3158,5.259,8.3158,0.246
8.3292,5.259,8.3292,0.246
8.3359,5.259,8.3359,0.246
8.3493,5.258,8.3493,0.247
8.356,5.258,8.356,0.247
8.3695,5.258,8.3695,0.247
8.3763,5.258,8.3763,0.247
8.3898,5.258,8.3898,0.248
8.3966,5.258,8.3966,0.248
8.4034,5.258,8.4034,0.248
8.4171,5.258,8.4171,0.249
8.4239,5.258,8.4239,0.249
8.4376,5.258,8.4376,0.249
8.4445,5.258,8.4445,0.249
8.4583,5.258,8.4583,0.25
8.4652,5.258,8.4652,0.25
8.479,5.258,8.479,0.25
8.4859,5.258,8.4859,0.251
8.4999,5.258,8.4999,0.251
8.5068,5.258,8.5068,0.251
8.5138,5.258,8.5138,0.251
8.5278,5.258,8.5278,0.252
8.5348,5.257,8.5348,0.252
8.5489,5.257,8.5489,0.253
8.556,5.257,8.556,0.253
8.563,5.257,8.563,0.253
8.5772,5.257,8.5772,0.253
8.5843,5.257,8.5843,0.254
8.5985,5.257,8.5985,0.254
8.6057,5.257,8.6057,0.254
8.62,5.257,8.62,0.255
8.6271,5.257,8.6271,0.255
8.6343,5.257,8.6343,0.255
8.6487,5.257,8.6487,0.256
8.6559,5.257,8.6559,0.256
8.6632,5.257,8.6632,0.256
8.6777,5.257,8.6777,0.256
8.6849,5.257,8.6849,0.257
8.6995,5.257,8.6995,0.257
8.7068,5.257,8.7068,0.257
8.7141,5.257,8.7141,0.257
8.7288,5.257,8.7288,0.258
8.7362,5.257,8.7362,0.258
8.7435,5.256,8.7435,0.258
8.7583,5.256,8.7583,0.259
8.7657,5.256,8.7657,0.259
8.7731,5.256,8.7731,0.259
8.788,5.256,8.788,0.26
8.7954,5.256,8.7954,0.26
8.8029,5.256,8.8029,0.26
8.8179,5.256,8.8179,0.261
8.8254,5.256,8.8254,0.261
8.8329,5.256,8.8329,0.261
8.848,5.256,8.848,0.261
8.8555,5.256,8.8555,0.262
8.8631,5.256,8.8631,0.262
8.8783,5.256,8.8783,0.262
8.8859,5.256,8.8859,0.263
8.8935,5.256,8.8935,0.263
8.9088,5.256,8.9088,0.263
8.9164,5.256,8.9164,0.264
8.9241,5.256,8.9241,0.264
8.9395,5.256,8.9395,0.264
8.9472,5.256,8.9472,0.264
8.9549,5.256,8.9549,0.265
8.9627,5.256,8.9627,0.265
8.9782,5.255,8.9782,0.265
8.986,5.255,8.986,0.266
8.9938,5.255,8.9938,0.266
9.0094,5.255,9.0094,0.266
9.0172,5.255,9.0172,0.267
9.0251,5.255,9.0251,0.267
9.0329,5.255,9.0329,0.267
9.0487,5.255,9.0487,0.267
9.0566,5.255,9.0566,0.268
9.0645,5.255,9.0645,0.268
9.0725,5.255,9.0725,0.268
9.0884,5.255,9.0884,0.269
9.0963,5.255,9.0963,0.269
9.1043,5.255,9.1043,0.269
9.1123,5.255,9.1123,0.269
9.1284,5.255,9.1284,0.27
9.1364,5.255,9.1364,0.27
9.1445,5.255,9.1445,0.27
9.1525,5.255,9.1525,0.271
9.1687,5.255,9.1687,0.271
9.1768,5.255,9.1768,0.271
9.185,5.255,9.185,0.272
9.1931,5.255,9.1931,0.272
9.2094,5.255,9.2094,0.272
9.2176,5.255,9.2176,0.273
9.2258,5.255,9.2258,0.273
9.234,5.254,9.234,0.273
9.2423,5.254,9.2423,0.273
9.2588,5.254,9.2588,0.274
9.267,5.254,9.267,0.274
9.2753,5.254,9.2753,0.274
9.2836,5.254,9.2836,0.274
9.292,5.254,9.292,0.275
9.3086,5.254,9.3086,0.275
9.317,5.254,9.317,0.275
9.3254,5.254,9.3254,0.276
9.3338,5.254,9.3338,0.276
9.3422,5.254,9.3422,0.276
9.359,5.254,9.359,0.277
9.3675,5.254,9.3675,0.277
9.376,5.254,9.376,0.277
9.3844,5.254,9.3844,0.277
9.393,5.254,9.393,0.278
9.41,5.254,9.41,0.278
9.4185,5.254,9.4185,0.279
9.4271,5.254,9.4271,0.279
9.4357,5.254,9.4357,0.279
9.4443,5.254,9.4443,0.279
9.4529,5.254,9.4529,0.28
9.4615,5.254,9.4615,0.28
9.4788,5.254,9.4788,0.28
9.4875,5.254,9.4875,0.281
9.4962,5.254,9.4962,0.281
9.5049,5.254,9.5049,0.281
9.5136,5.254,9.5136,0.281
9.5223,5.254,9.5223,0.282
9.5399,5.253,9.5399,0.282
9.5486,5.253,9.5486,0.282
9.5574,5.253,9.5574,0.283
9.5662,5.253,9.5662,0.283
9.5751,5.253,9.5751,0.283
9.5839,5.253,9.5839,0.283
9.5928,5.253,9.5928,0.284
9.6017,5.253,9.6017,0.284
9.6195,5.253,9.6195,0.284
9.6284,5.253,9.6284,0.285
9.6374,5.253,9.6374,0.285
9.6463,5.253,9.6463,0.285
9.6553,5.253,9.6553,0.286
9.6643,5.253,9.6643,0.286
9.6733,5.253,9.6733,0.286
9.6824,5.253,9.6824,0.286
9.6914,5.253,9.6914,0.287
9.7096,5.253,9.7096,0.287
9.7187,5.253,9.7187,0.287
9.7278,5.253,9.7278,0.288
9.7369,5.253,9.7369,0.288
9.7461,5.253,9.7461,0.288
9.7552,5.253,9.7552,0.289
9.7644,5.253,9.7644,0.289
9.7736,5.253,9.7736,0.289
9.7829,5.253,9.7829,0.289
9.7921,5.253,9.7921,0.29
9.8013,5.253,9.8013,0.29
9.8199,5.253,9.8199,0.29
9.8292,5.253,9.8292,0.291
9.8385,5.253,9.8385,0.291
9.8479,5.253,9.8479,0.291
9.8572,5.253,9.8572,0.292
9.8666,5.253,9.8666,0.292
9.876,5.253,9.876,0.292
9.8854,5.253,9.8854,0.292
9.8949,5.253,9.8949,0.293
9.9043,5.253,9.9043,0.293
9.9138,5.252,9.9138,0.293
9.9233,5.252,9.9233,0.294
9.9328,5.252,9.9328,0.294
9.9423,5.252,9.9423,0.294
9.9518,5.252,9.9518,0.294
9.9614,5.252,9.9614,0.295
9.971,5.252,9.971,0.295
9.981,5.252,9.981,0.295
10,5.252,10,0.296
10.009,5.252,10.009,0.296
10.019,5.252,10.019,0.296
10.029,5.252,10.029,0.297
10.039,5.252,10.039,0.297
10.048,5.252,10.048,0.297
10.058,5.252,10.058,0.298
10.068,5.252,10.068,0.298
10.078,5.252,10.078,0.298
10.087,5.252,10.087,0.298
10.097,5.252,10.097,0.299
10.107,5.252,10.107,0.299
10.117,5.252,10.117,0.299
10.127,5.252,10.127,0.3
10.137,5.252,10.137,0.3
10.147,5.252,10.147,0.3
10.157,5.252,10.157,0.301
10.166,5.252,10.166,0.301
10.176,5.252,10.176,0.301
10.186,5.252,10.186,0.301
10.196,5.252,10.196,0.302
10.207,5.252,10.207,0.302
10.217,5.252,10.217,0.302
10.227,5.252,10.227,0.303
10.237,5.252,10.237,0.303
10.247,5.252,10.247,0.303
10.257,5.252,10.257,0.303
10.267,5.252,10.267,0.304
10.277,5.252,10.277,0.304
10.288,5.252,10.288,0.304
10.298,5.252,10.298,0.305
10.308,5.252,10.308,0.305
10.318,5.252,10.318,0.305
10.328,5.252,10.328,0.306
10.339,5.252,10.339,0.306
10.349,5.252,10.349,0.306
10.359,5.252,10.359,0.307
10.37,5.252,10.37,0.307
10.38,5.252,10.38,0.307
10.391,5.251,10.391,0.307
10.401,5.251,10.401,0.308
10.411,5.251,10.411,0.308
10.422,5.251,10.422,0.308
10.432,5.251,10.432,0.309
10.443,5.251,10.443,0.309
10.453,5.251,10.453,0.309
10.464,5.251,10.464,0.31
10.475,5.251,10.475,0.31
10.485,5.251,10.485,0.31
10.496,5.251,10.496,0.311
10.506,5.251,10.506,0.311
10.517,5.251,10.517,0.311
10.528,5.251,10.528,0.312
10.538,5.251,10.538,0.312
10.549,5.251,10.549,0.312
10.56,5.251,10.56,0.313
10.571,5.251,10.571,0.313
10.581,5.251,10.581,0.313
10.592,5.251,10.592,0.313
10.603,5.251,10.603,0.314
10.614,5.251,10.614,0.314
10.625,5.251,10.625,0.314
10.636,5.251,10.636,0.315
10.647,5.251,10.647,0.315
10.658,5.251,10.658,0.315
10.669,5.251,10.669,0.316
10.68,5.251,10.68,0.316
10.691,5.251,10.691,0.316
10.702,5.251,10.702,0.317
10.713,5.251,10.713,0.317
10.724,5.251,10.724,0.317
10.735,5.251,10.735,0.318
10.746,5.251,10.746,0.318
10.757,5.251,10.757,0.318
10.768,5.251,10.768,0.319
10.779,5.251,10.779,0.319
10.791,5.251,10.791,0.319
10.802,5.251,10.802,0.32
10.813,5.251,10.813,0.32
10.824,5.251,10.824,0.32
10.836,5.251,10.836,0.321
10.847,5.251,10.847,0.321
10.858,5.251,10.858,0.321
10.87,5.251,10.87,0.322
10.881,5.251,10.881,0.322
10.893,5.251,10.893,0.322
10.904,5.251,10.904,0.323
10.916,5.251,10.916,0.323
10.927,5.251,10.927,0.323
10.939,5.251,10.939,0.324
10.95,5.251,10.95,0.324
10.962,5.251,10.962,0.324
10.973,5.251,10.973,0.325
10.985,5.251,10.985,0.325
10.997,5.251,10.997,0.326
11.008,5.251,11.008,0.326
11.02,5.251,11.02,0.326
11.032,5.251,11.032,0.327
11.043,5.251,11.043,0.327
11.055,5.251,11.055,0.327
11.067,5.251,11.067,0.328
11.079,5.251,11.079,0.328
11.091,5.25,11.091,0.328
11.103,5.25,11.103,0.329
11.114,5.25,11.114,0.329
11.126,5.25,11.126,0.329
11.138,5.25,11.138,0.33
11.15,5.25,11.15,0.33
11.162,5.25,11.162,0.33
11.174,5.25,11.174,0.331
11.186,5.25,11.186,0.331
11.199,5.25,11.199,0.332
11.211,5.25,11.211,0.332
11.223,5.25,11.223,0.332
11.235,5.25,11.235,0.333
11.247,5.25,11.247,0.333
11.259,5.25,11.259,0.333
11.272,5.25,11.272,0.334
11.284,5.25,11.284,0.334
11.296,5.25,11.296,0.334
11.308,5.25,11.308,0.335
11.321,5.25,11.321,0.335
11.333,5.25,11.333,0.336
11.346,5.25,11.346,0.336
11.358,5.25,11.358,0.336
11.37,5.25,11.37,0.337
11.383,5.25,11.383,0.337
11.395,5.25,11.395,0.337
11.408,5.25,11.408,0.338
11.421,5.25,11.421,0.338
11.433,5.25,11.433,0.338
11.446,5.25,11.446,0.339
11.458,5.25,11.458,0.339
11.471,5.25,11.471,0.34
11.484,5.25,11.484,0.34
11.496,5.25,11.496,0.34
11.509,5.25,11.509,0.341
11.522,5.25,11.522,0.341
11.535,5.25,11.535,0.342
11.548,5.25,11.548,0.342
11.561,5.25,11.561,0.342
11.573,5.25,11.573,0.343
11.586,5.25,11.586,0.343
11.599,5.25,11.599,0.343
11.612,5.25,11.612,0.344
11.625,5.25,11.625,0.344
11.638,5.25,11.638,0.345
11.651,5.25,11.651,0.345
11.665,5.25,11.665,0.345
11.678,5.25,11.678,0.346
11.691,5.25,11.691,0.346
11.704,5.25,11.704,0.347
11.717,5.25,11.717,0.347
11.731,5.25,11.731,0.347
11.744,5.25,11.744,0.348
11.757,5.25,11.757,0.348
11.771,5.25,11.771,0.349
11.784,5.25,11.784,0.349
11.797,5.25,11.797,0.349
11.811,5.25,11.811,0.35
11.824,5.25,11.824,0.35
11.838,5.25,11.838,0.35
11.851,5.25,11.851,0.351
11.865,5.25,11.865,0.351
11.878,5.25,11.878,0.352
11.892,5.25,11.892,0.352
11.906,5.25,11.906,0.353
11.919,5.25,11.919,0.353
11.933,5.25,11.933,0.353
11.947,5.25,11.947,0.354
11.961,5.25,11.961,0.354
11.974,5.25,11.974,0.355
11.988,5.25,11.988,0.355
12.002,5.25,12.002,0.355
12.016,5.25,12.016,0.356
12.03,5.25,12.03,0.356
12.044,5.25,12.044,0.357
12.058,5.25,12.058,0.357
12.072,5.25,12.072,0.357
12.086,5.25,12.086,0.358
12.1,5.25,12.1,0.358
12.114,5.25,12.114,0.359
12.128,5.25,12.128,0.359
12.143,5.25,12.143,0.36
12.157,5.25,12.157,0.36
12.171,5.25,12.171,0.36
12.185,5.25,12.185,0.361
12.2,5.25,12.2,0.361
12.214,5.25,12.214,0.362
12.229,5.25,12.229,0.362
12.243,5.25,12.243,0.363
12.257,5.25,12.257,0.363
12.272,5.25,12.272,0.363
12.287,5.25,12.287,0.364
12.301,5.25,12.301,0.364
12.316,5.25,12.316,0.365
12.33,5.25,12.33,0.365
12.345,5.25,12.345,0.366
12.36,5.25,12.36,0.366
12.374,5.25,12.374,0.366
12.389,5.25,12.389,0.367
12.404,5.25,12.404,0.367
12.419,5.25,12.419,0.368
12.434,5.25,12.434,0.368
12.449,5.25,12.449,0.369
12.464,5.25,12.464,0.369
12.479,5.25,12.479,0.37
12.494,5.25,12.494,0.37
12.509,5.25,12.509,0.37
12.524,5.25,12.524,0.371
12.539,5.25,12.539,0.371
12.554,5.25,12.554,0.372
12.569,5.25,12.569,0.372
12.585,5.25,12.585,0.373
12.6,5.25,12.6,0.373
12.615,5.25,12.615,0.374
12.631,5.25,12.631,0.374
12.646,5.25,12.646,0.374
12.662,5.25,12.662,0.375
12.677,5.25,12.677,0.375
12.693,5.25,12.693,0.376
12.708,5.25,12.708,0.376
12.724,5.25,12.724,0.377
12.739,5.25,12.739,0.377
12.755,5.25,12.755,0.378
12.771,5.25,12.771,0.378
12.786,5.25,12.786,0.379
12.802,5.25,12.802,0.379
12.818,5.25,12.818,0.38
12.834,5.25,12.834,0.38
12.85,5.25,12.85,0.381
12.866,5.25,12.866,0.381
12.882,5.25,12.882,0.381
12.898,5.25,12.898,0.382
12.914,5.25,12.914,0.382
12.93,5.25,12.93,0.383
12.946,5.25,12.946,0.383
12.962,5.25,12.962,0.384
12.979,5.25,12.979,0.384
12.995,5.25,12.995,0.385
13.011,5.25,13.011,0.385
13.027,5.25,13.027,0.386
13.044,5.25,13.044,0.386
13.06,5.25,13.06,0.387
13.077,5.25,13.077,0.387
13.093,5.25,13.093,0.388
13.11,5.25,13.11,0.388
13.126,5.25,13.126,0.389
13.143,5.25,13.143,0.389
13.16,5.25,13.16,0.39
13.176,5.25,13.176,0.39
13.193,5.25,13.193,0.391
13.21,5.25,13.21,0.391
13.227,5.25,13.227,0.392
13.244,5.25,13.244,0.392
13.261,5.25,13.261,0.393
13.278,5.25,13.278,0.393
13.295,5.25,13.295,0.394
13.312,5.25,13.312,0.394
13.329,5.25,13.329,0.395
13.346,5.25,13.346,0.395
13.363,5.25,13.363,0.396
13.38,5.25,13.38,0.396
13.398,5.25,13.398,0.397
13.415,5.25,13.415,0.397
13.432,5.25,13.432,0.398
13.45,5.25,13.45,0.398
13.467,5.25,13.467,0.399
13.485,5.25,13.485,0.399
13.502,5.25,13.502,0.4
13.52,5.25,13.52,0.4
13.538,5.25,13.538,0.401
13.555,5.25,13.555,0.401
13.573,5.25,13.573,0.402
13.591,5.25,13.591,0.402
13.609,5.25,13.609,0.403
13.627,5.25,13.627,0.404
13.645,5.25,13.645,0.404
13.662,5.25,13.662,0.405
13.68,5.25,13.68,0.405
13.699,5.25,13.699,0.406
13.717,5.25,13.717,0.406
13.735,5.25,13.735,0.407
13.753,5.25,13.753,0.407
13.771,5.25,13.771,0.408
13.79,5.25,13.79,0.408
13.808,5.25,13.808,0.409
13.826,5.25,13.826,0.409
13.845,5.25,13.845,0.41
13.863,5.251,13.863,0.411
13.882,5.251,13.882,0.411
13.901,5.251,13.901,0.412
13.919,5.251,13.919,0.412
13.938,5.251,13.938,0.413
13.957,5.251,13.957,0.413
13.975,5.251,13.975,0.414
13.994,5.251,13.994,0.414
14.013,5.251,14.013,0.415
14.032,5.251,14.032,0.416
14.051,5.251,14.051,0.416
14.07,5.251,14.07,0.417
14.089,5.251,14.089,0.417
14.109,5.251,14.109,0.418
14.128,5.251,14.128,0.418
14.147,5.251,14.147,0.419
14.166,5.251,14.166,0.42
14.186,5.251,14.186,0.42
14.205,5.251,14.205,0.421
14.225,5.251,14.225,0.421
14.244,5.251,14.244,0.422
14.264,5.251,14.264,0.422
14.283,5.251,14.283,0.423
14.303,5.251,14.303,0.424
14.323,5.251,14.323,0.424
14.343,5.251,14.343,0.425
14.363,5.251,14.363,0.425
14.383,5.251,14.383,0.426
14.403,5.251,14.403,0.426
14.423,5.251,14.423,0.427
14.443,5.251,14.443,0.428
14.463,5.251,14.463,0.428
14.483,5.251,14.483,0.429
14.503,5.251,14.503,0.429
14.524,5.251,14.524,0.43
14.544,5.251,14.544,0.431
14.564,5.251,14.564,0.431
14.585,5.251,14.585,0.432
14.605,5.251,14.605,0.432
14.626,5.251,14.626,0.433
14.647,5.251,14.647,0.434
14.667,5.251,14.667,0.434
14.688,5.251,14.688,0.435
14.709,5.251,14.709,0.436
14.73,5.251,14.73,0.436
14.751,5.251,14.751,0.437
14.772,5.251,14.772,0.437
14.793,5.251,14.793,0.438
14.814,5.252,14.814,0.439
14.835,5.252,14.835,0.439
14.856,5.252,14.856,0.44
14.878,5.252,14.878,0.441
14.899,5.252,14.899,0.441
14.921,5.252,14.921,0.442
14.942,5.252,14.942,0.442
14.964,5.252,14.964,0.443
14.985,5.252,14.985,0.444
15.007,5.252,15.007,0.444
15.029,5.252,15.029,0.445
15.051,5.252,15.051,0.446
15.072,5.252,15.072,0.446
15.094,5.252,15.094,0.447
15.116,5.252,15.116,0.448
15.138,5.252,15.138,0.448
15.161,5.252,15.161,0.449
15.183,5.252,15.183,0.45
15.205,5.252,15.205,0.45
15.227,5.252,15.227,0.451
15.25,5.252,15.25,0.452
15.272,5.252,15.272,0.452
15.295,5.252,15.295,0.453
15.317,5.252,15.317,0.454
15.34,5.252,15.34,0.454
15.363,5.252,15.363,0.455
15.385,5.252,15.385,0.456
15.408,5.252,15.408,0.456
15.431,5.252,15.431,0.457
15.454,5.252,15.454,0.458
15.477,5.252,15.477,0.458
15.5,5.252,15.5,0.459
15.524,5.252,15.524,0.46
15.547,5.253,15.547,0.46
15.57,5.253,15.57,0.461
15.594,5.253,15.594,0.462
15.617,5.253,15.617,0.462
15.641,5.253,15.641,0.463
15.664,5.253,15.664,0.464
15.688,5.253,15.688,0.464
15.712,5.253,15.712,0.465
15.736,5.253,15.736,0.466
15.76,5.253,15.76,0.467
15.784,5.253,15.784,0.467
15.808,5.253,15.808,0.468
15.832,5.253,15.832,0.469
15.856,5.253,15.856,0.469
15.88,5.253,15.88,0.47
15.905,5.253,15.905,0.471
15.929,5.253,15.929,0.472
15.954,5.253,15.954,0.472
15.978,5.253,15.978,0.473
16.003,5.253,16.003,0.474
16.028,5.253,16.028,0.474
16.052,5.253,16.052,0.475
16.077,5.253,16.077,0.476
16.102,5.253,16.102,0.477
16.127,5.253,16.127,0.477
16.152,5.254,16.152,0.478
16.178,5.254,16.178,0.479
16.203,5.254,16.203,0.48
16.228,5.254,16.228,0.48
16.254,5.254,16.254,0.481
16.279,5.254,16.279,0.482
16.305,5.254,16.305,0.483
16.33,5.254,16.33,0.483
16.356,5.254,16.356,0.484
16.382,5.254,16.382,0.485
16.408,5.254,16.408,0.486
16.434,5.254,16.434,0.486
16.46,5.254,16.46,0.487
16.486,5.254,16.486,0.488
16.512,5.254,16.512,0.489
16.539,5.254,16.539,0.49
16.565,5.254,16.565,0.49
16.592,5.254,16.592,0.491
16.618,5.254,16.618,0.492
16.645,5.254,16.645,0.493
16.672,5.254,16.672,0.493
16.699,5.255,16.699,0.494
16.726,5.255,16.726,0.495
16.753,5.255,16.753,0.496
16.78,5.255,16.78,0.497
16.807,5.255,16.807,0.497
16.834,5.255,16.834,0.498
16.862,5.255,16.862,0.499
16.889,5.255,16.889,0.5
16.916,5.255,16.916,0.501
16.944,5.255,16.944,0.501
16.972,5.255,16.972,0.502
17,5.255,17,0.503
17.028,5.255,17.028,0.504
17.056,5.255,17.056,0.505
17.084,5.255,17.084,0.506
17.112,5.255,17.112,0.506
17.14,5.255,17.14,0.507
17.169,5.255,17.169,0.508
17.197,5.256,17.197,0.509
17.226,5.256,17.226,0.51
17.254,5.256,17.254,0.511
17.283,5.256,17.283,0.511
17.312,5.256,17.312,0.512
17.341,5.256,17.341,0.513
17.37,5.256,17.37,0.514
17.399,5.256,17.399,0.515
17.428,5.256,17.428,0.516
17.458,5.256,17.458,0.517
17.487,5.256,17.487,0.517
17.517,5.256,17.517,0.518
17.546,5.256,17.546,0.519
17.576,5.256,17.576,0.52
17.606,5.256,17.606,0.521
17.636,5.256,17.636,0.522
17.666,5.257,17.666,0.523
17.696,5.257,17.696,0.524
17.726,5.257,17.726,0.524
17.757,5.257,17.757,0.525
17.787,5.257,17.787,0.526
17.818,5.257,17.818,0.527
17.848,5.257,17.848,0.528
17.879,5.257,17.879,0.529
17.91,5.257,17.91,0.53
17.941,5.257,17.941,0.531
17.972,5.257,17.972,0.532
18.003,5.257,18.003,0.533
18.034,5.257,18.034,0.534
18.066,5.257,18.066,0.534
18.097,5.258,18.097,0.535
18.129,5.258,18.129,0.536
18.161,5.258,18.161,0.537
18.193,5.258,18.193,0.538
18.225,5.258,18.225,0.539
18.257,5.258,18.257,0.54
18.289,5.258,18.289,0.541
18.321,5.258,18.321,0.542
18.354,5.258,18.354,0.543
18.386,5.258,18.386,0.544
18.419,5.258,18.419,0.545
18.452,5.258,18.452,0.546
18.485,5.258,18.485,0.547
18.518,5.259,18.518,0.548
18.551,5.259,18.551,0.549
18.584,5.259,18.584,0.55
18.617,5.259,18.617,0.551
18.651,5.259,18.651,0.552
18.684,5.259,18.684,0.553
18.718,5.259,18.718,0.554
18.752,5.259,18.752,0.555
18.786,5.259,18.786,0.556
18.82,5.259,18.82,0.557
18.854,5.259,18.854,0.558
18.889,5.259,18.889,0.559
18.923,5.26,18.923,0.56
18.958,5.26,18.958,0.561
18.992,5.26,18.992,0.562
19.027,5.26,19.027,0.563
19.062,5.26,19.062,0.564
19.097,5.26,19.097,0.565
19.132,5.26,19.132,0.566
19.168,5.26,19.168,0.567
19.203,5.26,19.203,0.568
19.239,5.26,19.239,0.569
19.275,5.26,19.275,0.57
19.311,5.261,19.311,0.571
19.347,5.261,19.347,0.572
19.383,5.261,19.383,0.573
19.419,5.261,19.419,0.574
19.456,5.261,19.456,0.575
19.492,5.261,19.492,0.576
19.529,5.261,19.529,0.577
19.566,5.261,19.566,0.578
19.603,5.261,19.603,0.58
19.64,5.261,19.64,0.581
19.677,5.262,19.677,0.582
19.714,5.262,19.714,0.583
19.752,5.262,19.752,0.584
19.79,5.262,19.79,0.585
19.828,5.262,19.828,0.586
19.866,5.262,19.866,0.587
19.904,5.262,19.904,0.588
19.942,5.262,19.942,0.589
19.98,5.262,19.98,0.591
20.019,5.262,20.019,0.592
20.058,5.263,20.058,0.593
20.097,5.263,20.097,0.594
20.136,5.263,20.136,0.595
20.175,5.263,20.175,0.596
20.214,5.263,20.214,0.597
20.254,5.263,20.254,0.599
20.293,5.263,20.293,0.6
20.333,5.263,20.333,0.601
20.373,5.263,20.373,0.602
20.413,5.264,20.413,0.603
20.453,5.264,20.453,0.604
20.494,5.264,20.494,0.606
20.534,5.264,20.534,0.607
20.575,5.264,20.575,0.608
20.616,5.264,20.616,0.609
20.657,5.264,20.657,0.61
20.698,5.264,20.698,0.612
20.74,5.265,20.74,0.613
20.781,5.265,20.781,0.614
20.823,5.265,20.823,0.615
20.865,5.265,20.865,0.616
20.907,5.265,20.907,0.618
20.949,5.265,20.949,0.619
20.992,5.265,20.992,0.62
21.034,5.265,21.034,0.621
21.077,5.266,21.077,0.623
21.12,5.266,21.12,0.624
21.163,5.266,21.163,0.625
21.206,5.266,21.206,0.626
21.25,5.266,21.25,0.628
21.293,5.266,21.293,0.629
21.337,5.266,21.337,0.63
21.381,5.267,21.381,0.632
21.425,5.267,21.425,0.633
21.47,5.267,21.47,0.634
21.514,5.267,21.514,0.635
21.559,5.267,21.559,0.637
21.604,5.267,21.604,0.638
21.649,5.267,21.649,0.639
21.694,5.267,21.694,0.641
21.74,5.268,21.74,0.642
21.785,5.268,21.785,0.643
21.831,5.268,21.831,0.645
21.877,5.268,21.877,0.646
21.924,5.268,21.924,0.647
21.97,5.268,21.97,0.649
22.017,5.269,22.017,0.65
22.063,5.269,22.063,0.651
22.11,5.269,22.11,0.653
22.158,5.269,22.158,0.654
22.205,5.269,22.205,0.656
22.253,5.269,22.253,0.657
22.301,5.269,22.301,0.658
22.349,5.27,22.349,0.66
22.397,5.27,22.397,0.661
22.445,5.27,22.445,0.663
22.494,5.27,22.494,0.664
22.543,5.27,22.543,0.665
22.592,5.27,22.592,0.667
22.642,5.271,22.642,0.668
22.691,5.271,22.691,0.67
22.741,5.271,22.741,0.671
22.791,5.271,22.791,0.673
22.841,5.271,22.841,0.674
22.891,5.271,22.891,0.676
22.942,5.272,22.942,0.677
22.993,5.272,22.993,0.678
23.044,5.272,23.044,0.68
23.095,5.272,23.095,0.681
23.147,5.272,23.147,0.683
23.199,5.272,23.199,0.684
23.251,5.273,23.251,0.686
23.303,5.273,23.303,0.687
23.355,5.273,23.355,0.689
23.408,5.273,23.408,0.691
23.461,5.273,23.461,0.692
23.514,5.274,23.514,0.694
23.568,5.274,23.568,0.695
23.621,5.274,23.621,0.697
23.675,5.274,23.675,0.698
23.73,5.274,23.73,0.7
23.784,5.275,23.784,0.701
23.839,5.275,23.839,0.703
23.894,5.275,23.894,0.705
23.949,5.275,23.949,0.706
24.004,5.275,24.004,0.708
24.06,5.276,24.06,0.709
24.116,5.276,24.116,0.711
24.172,5.276,24.172,0.713
24.229,5.276,24.229,0.714
24.285,5.276,24.285,0.716
24.342,5.277,24.342,0.718
24.4,5.277,24.4,0.719
24.457,5.277,24.457,0.721
24.515,5.277,24.515,0.723
24.573,5.277,24.573,0.724
24.631,5.278,24.631,0.726
24.69,5.278,24.69,0.728
24.749,5.278,24.749,0.729
24.808,5.278,24.808,0.731
24.868,5.279,24.868,0.733
24.927,5.279,24.927,0.735
24.988,5.279,24.988,0.736
25.048,5.279,25.048,0.738
25.109,5.279,25.109,0.74
25.169,5.28,25.169,0.742
25.231,5.28,25.231,0.743
25.292,5.28,25.292,0.745
25.354,5.28,25.354,0.747
25.416,5.281,25.416,0.749
25.479,5.281,25.479,0.751
25.541,5.281,25.541,0.752
25.604,5.281,25.604,0.754
25.668,5.282,25.668,0.756
25.732,5.282,25.732,0.758
25.796,5.282,25.796,0.76
25.86,5.282,25.86,0.762
25.925,5.283,25.925,0.763
25.989,5.283,25.989,0.765
26.055,5.283,26.055,0.767
26.12,5.283,26.12,0.769
26.186,5.284,26.186,0.771
26.253,5.284,26.253,0.773
26.319,5.284,26.319,0.775
26.386,5.284,26.386,0.777
26.454,5.285,26.454,0.779
26.521,5.285,26.521,0.781
26.589,5.285,26.589,0.783
26.726,5.286,26.726,0.787
26.795,5.286,26.795,0.789
26.865,5.286,26.865,0.791
26.935,5.287,26.935,0.793
27.005,5.287,27.005,0.795
27.075,5.287,27.075,0.797
27.146,5.288,27.146,0.799
27.217,5.288,27.217,0.801
27.289,5.288,27.289,0.803
27.361,5.288,27.361,0.805
27.433,5.289,27.433,0.807
27.506,5.289,27.506,0.809
27.579,5.289,27.579,0.811
27.653,5.29,27.653,0.813
27.727,5.29,27.727,0.815
27.801,5.29,27.801,0.818
27.876,5.291,27.876,0.82
28.027,5.291,28.027,0.824
28.103,5.292,28.103,0.826
28.725,5.294,28.725,0.844
28.805,5.295,28.805,0.846
28.885,5.295,28.885,0.849
28.966,5.295,28.966,0.851
29.047,5.296,29.047,0.853
29.129,5.296,29.129,0.856
29.211,5.296,29.211,0.858
29.293,5.297,29.293,0.86
29.376,5.297,29.376,0.863
29.46,5.298,29.46,0.865
29.544,5.298,29.544,0.868
29.628,5.298,29.628,0.87
29.713,5.299,29.713,0.872
29.971,5.3,29.971,0.88
30.057,5.3,30.057,0.882
30.145,5.301,30.145,0.885
30.233,5.301,30.233,0.887
30.321,5.302,30.321,0.89
31.047,5.305,31.047,0.91
31.141,5.305,31.141,0.913
31.234,5.306,31.234,0.916
31.329,5.306,31.329,0.919
31.424,5.307,31.424,0.921
31.519,5.307,31.519,0.924
32.006,5.31,32.006,0.938
32.406,5.312,32.406,0.949
